[15, 11, 7, 4, 0]:39
[15, 13, 11, 2, 0]:40
[279, 187, 95, 92, 0]:831
[15, 14, 13, 1, 0]:44
[16, 11, 6, 5, 0]:44
[279, 202, 125, 77, 0]:786
[17, 13, 9, 4, 0]:44
[37, 31, 25, 6, 0]:102
[113, 93, 73, 20, 0]:316
[166, 121, 76, 45, 0]:464
[127, 102, 77, 25, 0]:353
[132, 117, 102, 15, 0]:378
[46, 41, 36, 5, 0]:130
[253, 184, 115, 69, 0]:710
[235, 197, 159, 38, 0]:664
[579, 416, 253, 163, 0]:1644
[187, 133, 79, 54, 0]:533
[114, 99, 84, 15, 0]:324
[181, 136, 91, 45, 0]:495
[76, 59, 42, 17, 0]:208
[57, 50, 43, 7, 0]:161
[197, 135, 73, 62, 0]:577
[151, 135, 119, 16, 0]:434
[36, 29, 22, 7, 0]:98
[425, 338, 251, 87, 0]:1185
[100, 87, 74, 13, 0]:284
[366, 269, 172, 97, 0]:1020
[408, 357, 306, 51, 0]:1221
[95, 86, 77, 9, 0]:273
[709, 487, 265, 222, 0]:2081
[682, 535, 388, 147, 0]:1896
[500, 391, 282, 109, 0]:1388
[463, 347, 231, 116, 0]:1271
[123, 109, 95, 14, 0]:352
[865, 602, 339, 263, 0]:2516
[677, 507, 337, 170, 0]:1861
[803, 552, 301, 251, 0]:2356
[399, 322, 245, 77, 0]:1117
[737, 585, 433, 152, 0]:2056
[94, 85, 76, 9, 0]:270
[814, 577, 340, 237, 0]:2336
[75, 53, 31, 22, 0]:213
[23, 18, 13, 5, 0]:61
[747, 532, 317, 215, 0]:2136
[716, 511, 306, 205, 0]:2044
[68, 49, 30, 19, 0]:190
[81, 73, 65, 8, 0]:232
[162, 135, 108, 27, 0]:430
[252, 203, 154, 49, 0]:704
[227, 200, 173, 27, 0]:651
[780, 633, 486, 147, 0]:2190
[381, 344, 307, 37, 0]:1103
[507, 437, 367, 70, 0]:1448
[542, 425, 308, 117, 0]:1506
[193, 157, 121, 36, 0]:540
[26, 19, 12, 7, 0]:70
[820, 635, 450, 185, 0]:2272
[20, 19, 18, 1, 0]:61
[197, 148, 99, 49, 0]:539
[100, 75, 50, 25, 0]:174
[27, 20, 13, 7, 0]:72
[483, 364, 245, 119, 0]:1327
[671, 514, 357, 157, 0]:1853
[678, 485, 292, 193, 0]:1932
[397, 355, 313, 42, 0]:1146
[366, 309, 252, 57, 0]:1038
[933, 712, 491, 221, 0]:2575
[145, 129, 113, 16, 0]:416
[454, 341, 228, 113, 0]:1246
[995, 793, 591, 202, 0]:2780
[997, 792, 587, 205, 0]:2783
[877, 600, 323, 277, 0]:2582
[241, 181, 121, 60, 0]:660
[20, 17, 14, 3, 0]:54
[25, 17, 9, 8, 0]:71
[234, 175, 116, 59, 0]:642
[951, 775, 599, 176, 0]:2674
[172, 143, 114, 29, 0]:484
[29, 20, 11, 9, 0]:82
[937, 693, 449, 244, 0]:2603
[48, 33, 18, 15, 0]:138
[19, 16, 13, 3, 0]:51
[491, 364, 237, 127, 0]:1360
[93, 68, 43, 25, 0]:258
[559, 422, 285, 137, 0]:1537
[55, 43, 31, 12, 0]:150
[516, 429, 342, 87, 0]:1458
[40, 35, 30, 5, 0]:117
[726, 629, 532, 97, 0]:2078
[508, 443, 378, 65, 0]:1456
[1003, 672, 341, 331, 0]:2996
[613, 548, 483, 65, 0]:1771
[1002, 803, 604, 199, 0]:2804
[924, 679, 434, 245, 0]:2580
[1000, 875, 750, 125, 0]:2997
[153, 142, 131, 11, 0]:445
[545, 378, 211, 167, 0]:1588
[851, 645, 439, 206, 0]:2344
[863, 694, 525, 169, 0]:2417
[727, 587, 447, 140, 0]:2038
[432, 297, 162, 135, 0]:1266
[627, 508, 389, 119, 0]:1759
[708, 497, 286, 211, 0]:2046
[778, 623, 468, 155, 0]:2176
[619, 480, 341, 139, 0]:1715
[25, 18, 11, 7, 0]:68
[44, 31, 18, 13, 0]:124
[873, 613, 353, 260, 0]:2523
[61, 51, 41, 10, 0]:170
[604, 501, 398, 103, 0]:1706
[860, 685, 510, 175, 0]:2402
[741, 668, 595, 73, 0]:2147
[54, 49, 44, 5, 0]:154
[83, 65, 47, 18, 0]:228
[949, 840, 731, 109, 0]:2735
[901, 656, 411, 245, 0]:2534
[468, 379, 290, 89, 0]:1312
[76, 51, 26, 25, 0]:224
[559, 406, 253, 153, 0]:1574
[996, 861, 726, 135, 0]:2850
[387, 325, 263, 62, 0]:1096
[701, 523, 345, 178, 0]:1933
[61, 44, 27, 17, 0]:170
[900, 765, 630, 135, 0]:2562
[164, 127, 90, 37, 0]:452
[347, 300, 253, 47, 0]:991
[155, 124, 93, 31, 0]:370
[380, 345, 310, 35, 0]:1102
[540, 397, 254, 143, 0]:1506
[492, 455, 418, 37, 0]:1436
[125, 91, 57, 34, 0]:349
[420, 385, 350, 35, 0]:1326
[18, 15, 12, 3, 0]:46
[45, 32, 19, 13, 0]:126
[20, 15, 10, 5, 0]:34
[927, 703, 479, 224, 0]:2554
[557, 392, 227, 165, 0]:1606
[851, 744, 637, 107, 0]:2443
[465, 341, 217, 124, 0]:1299
[913, 813, 713, 100, 0]:2636
[348, 263, 178, 85, 0]:956
[907, 673, 439, 234, 0]:2513
[211, 149, 87, 62, 0]:605
[790, 581, 372, 209, 0]:2204
[465, 433, 401, 32, 0]:1360
[237, 220, 203, 17, 0]:691
[828, 747, 666, 81, 0]:2400
[979, 712, 445, 267, 0]:2756
[85, 67, 49, 18, 0]:234
[433, 397, 361, 36, 0]:1260
[902, 717, 532, 185, 0]:2518
[940, 707, 474, 233, 0]:2584
[425, 342, 259, 83, 0]:1189
[565, 487, 409, 78, 0]:1614
[978, 703, 428, 275, 0]:2778
[685, 563, 441, 122, 0]:1930
[935, 851, 767, 84, 0]:2718
[925, 691, 457, 234, 0]:2549
[23, 22, 21, 1, 0]:71
[363, 268, 173, 95, 0]:1008
[43, 33, 23, 10, 0]:116
[228, 177, 126, 51, 0]:630
[25, 21, 17, 4, 0]:68
[37, 32, 27, 5, 0]:103
[978, 835, 692, 143, 0]:2788
[24, 21, 18, 3, 0]:69
[39, 34, 29, 5, 0]:109
[945, 637, 329, 308, 0]:2811
[39, 37, 35, 2, 0]:112
[740, 523, 306, 217, 0]:2128
[115, 108, 101, 7, 0]:335
[788, 713, 638, 75, 0]:2286
[446, 349, 252, 97, 0]:1238
[97, 82, 67, 15, 0]:273
[545, 489, 433, 56, 0]:1576
[211, 165, 119, 46, 0]:584
[388, 259, 130, 129, 0]:1160
[101, 75, 49, 26, 0]:277
[380, 317, 254, 63, 0]:1074
[851, 741, 631, 110, 0]:2440
[939, 824, 709, 115, 0]:2699
[732, 497, 262, 235, 0]:2166
[60, 57, 54, 3, 0]:199
[81, 65, 49, 16, 0]:224
[684, 475, 266, 209, 0]:1992
[378, 315, 252, 63, 0]:1006
[485, 332, 179, 153, 0]:1426
[74, 67, 60, 7, 0]:212
[53, 44, 35, 9, 0]:147
[52, 43, 34, 9, 0]:144
[228, 207, 186, 21, 0]:660
[155, 116, 77, 39, 0]:424
[187, 161, 135, 26, 0]:532
[136, 119, 102, 17, 0]:405
[685, 603, 521, 82, 0]:1970
[137, 105, 73, 32, 0]:376
[138, 119, 100, 19, 0]:392
[97, 70, 43, 27, 0]:272
[954, 859, 764, 95, 0]:2764
[151, 106, 61, 45, 0]:434
[391, 314, 237, 77, 0]:1093
[780, 571, 362, 209, 0]:2184
[243, 200, 157, 43, 0]:683
[374, 257, 140, 117, 0]:1096
[143, 127, 111, 16, 0]:410
[923, 652, 381, 271, 0]:2656
[764, 697, 630, 67, 0]:2222
[332, 285, 238, 47, 0]:946
[388, 285, 182, 103, 0]:1082
[404, 301, 198, 103, 0]:1114
[990, 837, 684, 153, 0]:2814
[649, 514, 379, 135, 0]:1809
[489, 362, 235, 127, 0]:1356
[649, 494, 339, 155, 0]:1789
[743, 622, 501, 121, 0]:2105
[487, 407, 327, 80, 0]:1378
[244, 229, 214, 15, 0]:714
[787, 581, 375, 206, 0]:2189
[953, 889, 825, 64, 0]:2792
[756, 609, 462, 147, 0]:2118
[705, 569, 433, 136, 0]:1976
[457, 317, 177, 140, 0]:1331
[900, 783, 666, 117, 0]:2580
[841, 786, 731, 55, 0]:2465
[861, 763, 665, 98, 0]:2482
[468, 377, 286, 91, 0]:1310
[383, 327, 271, 56, 0]:1090
[173, 135, 97, 38, 0]:478
[900, 725, 550, 175, 0]:2522
[997, 880, 763, 117, 0]:2871
[419, 381, 343, 38, 0]:1216
[722, 635, 548, 87, 0]:2076
[400, 275, 150, 125, 0]:1172
[954, 871, 788, 83, 0]:2776
[981, 728, 475, 253, 0]:2718
[639, 466, 293, 173, 0]:1794
[861, 595, 329, 266, 0]:2517
[857, 778, 699, 79, 0]:2489
[845, 564, 283, 281, 0]:2530
[876, 669, 462, 207, 0]:2418
[739, 604, 469, 135, 0]:2079
[274, 239, 204, 35, 0]:784
[151, 114, 77, 37, 0]:413
[353, 330, 307, 23, 0]:1033
[396, 373, 350, 23, 0]:1162
[244, 169, 94, 75, 0]:710
[437, 348, 259, 89, 0]:1219
[436, 371, 306, 65, 0]:1240
[628, 593, 558, 35, 0]:1846
[348, 329, 310, 19, 0]:1022
[305, 241, 177, 64, 0]:848
[648, 567, 486, 81, 0]:1941
[642, 551, 460, 91, 0]:1832
[900, 837, 774, 63, 0]:2634
[655, 583, 511, 72, 0]:1890
[756, 595, 434, 161, 0]:2104
[457, 390, 323, 67, 0]:1301
[377, 258, 139, 119, 0]:1108
[346, 279, 212, 67, 0]:968
[489, 461, 433, 28, 0]:1436
[485, 331, 177, 154, 0]:1429
[939, 844, 749, 95, 0]:2719
[367, 262, 157, 105, 0]:1046
[628, 573, 518, 55, 0]:1826
[683, 632, 581, 51, 0]:1995
[443, 388, 333, 55, 0]:1271
[907, 653, 399, 254, 0]:2573
[871, 591, 311, 280, 0]:2579
[272, 187, 102, 85, 0]:796
[705, 529, 353, 176, 0]:1936
