[15, 11, 7, 4, 0]:39
[58, 43, 28, 15, 0]:158
[15, 13, 11, 2, 0]:40
[38, 33, 28, 5, 0]:106
[145, 97, 49, 48, 0]:431
[39, 34, 29, 5, 0]:109
[122, 91, 60, 31, 0]:334
[166, 121, 76, 45, 0]:464
[60, 51, 42, 9, 0]:168
[145, 98, 51, 47, 0]:428
[268, 183, 98, 85, 0]:788
[15, 14, 13, 1, 0]:44
[228, 177, 126, 51, 0]:630
[16, 11, 6, 5, 0]:44
[167, 122, 77, 45, 0]:466
[17, 13, 9, 4, 0]:44
[39, 35, 31, 4, 0]:110
[18, 15, 12, 3, 0]:46
[19, 16, 13, 3, 0]:51
[20, 15, 10, 5, 0]:34
[20, 17, 14, 3, 0]:54
[367, 262, 157, 105, 0]:1046
[211, 173, 135, 38, 0]:592
[307, 233, 159, 74, 0]:844
[122, 103, 84, 19, 0]:344
[457, 317, 177, 140, 0]:1331
[526, 369, 212, 157, 0]:1520
[348, 273, 198, 75, 0]:966
[123, 85, 47, 38, 0]:357
[567, 406, 245, 161, 0]:1614
[678, 485, 292, 193, 0]:1932
[694, 505, 316, 189, 0]:1952
[907, 673, 439, 234, 0]:2513
[548, 425, 302, 123, 0]:1518
[211, 176, 141, 35, 0]:595
[764, 551, 338, 213, 0]:2164
[81, 73, 65, 8, 0]:232
[816, 561, 306, 255, 0]:2394
[187, 161, 135, 26, 0]:532
[145, 126, 107, 19, 0]:413
[331, 281, 231, 50, 0]:940
[82, 55, 28, 27, 0]:242
[1114, 795, 476, 319, 0]:3182
[645, 508, 371, 137, 0]:1795
[1155, 784, 413, 371, 0]:3420
[83, 65, 47, 18, 0]:228
[933, 712, 491, 221, 0]:2575
[1524, 1047, 570, 477, 0]:4476
[967, 687, 407, 280, 0]:2771
[188, 149, 110, 39, 0]:522
[526, 429, 332, 97, 0]:1478
[211, 180, 149, 31, 0]:599
[457, 390, 323, 67, 0]:1301
[694, 529, 364, 165, 0]:1914
[189, 140, 91, 49, 0]:522
[1893, 1268, 643, 625, 0]:5658
[190, 137, 84, 53, 0]:536
[1242, 847, 452, 395, 0]:3666
[307, 272, 237, 35, 0]:883
[549, 416, 283, 133, 0]:1511
[780, 645, 510, 135, 0]:2202
[1340, 953, 566, 387, 0]:3838
[1177, 978, 779, 199, 0]:3329
[310, 217, 124, 93, 0]:896
[1415, 1019, 623, 396, 0]:4015
[190, 141, 92, 49, 0]:524
[1381, 968, 555, 413, 0]:3998
[1260, 959, 658, 301, 0]:3476
[1219, 896, 573, 323, 0]:3404
[123, 109, 95, 14, 0]:352
[1323, 980, 637, 343, 0]:3672
[909, 731, 553, 178, 0]:2546
[60, 55, 50, 5, 0]:186
[580, 489, 398, 91, 0]:1646
[1501, 1183, 865, 318, 0]:4182
[1565, 1071, 577, 494, 0]:4609
[145, 129, 113, 16, 0]:416
[311, 231, 151, 80, 0]:859
[660, 561, 462, 99, 0]:1878
[125, 91, 57, 34, 0]:349
[1193, 962, 731, 231, 0]:3345
[1583, 1110, 637, 473, 0]:4582
[268, 235, 202, 33, 0]:768
[421, 376, 331, 45, 0]:1215
[228, 207, 186, 21, 0]:660
[567, 455, 343, 112, 0]:1586
[487, 422, 357, 65, 0]:1393
[580, 507, 434, 73, 0]:1664
[506, 443, 380, 63, 0]:1452
[125, 108, 91, 17, 0]:355
[1399, 1127, 855, 272, 0]:3922
[311, 246, 181, 65, 0]:865
[1159, 786, 413, 373, 0]:3434
[873, 730, 587, 143, 0]:2473
[126, 105, 84, 21, 0]:334
[1854, 1409, 964, 445, 0]:5114
[24, 21, 18, 3, 0]:69
[54, 45, 36, 9, 0]:142
[47, 38, 29, 9, 0]:129
[180, 125, 70, 55, 0]:522
[116, 91, 66, 25, 0]:320
[55, 47, 39, 8, 0]:154
[36, 25, 14, 11, 0]:102
[162, 135, 108, 27, 0]:430
[244, 195, 146, 49, 0]:680
[291, 233, 175, 58, 0]:812
[214, 161, 108, 53, 0]:586
[363, 268, 173, 95, 0]:1008
[25, 17, 9, 8, 0]:71
[26, 19, 12, 7, 0]:70
[23, 18, 13, 5, 0]:61
[29, 20, 11, 9, 0]:82
[25, 21, 17, 4, 0]:68
[37, 28, 19, 9, 0]:99
[25, 18, 11, 7, 0]:68
[33, 25, 17, 8, 0]:88
[45, 32, 19, 13, 0]:126
[43, 33, 23, 10, 0]:116
[37, 31, 25, 6, 0]:102
[55, 43, 31, 12, 0]:150
[44, 31, 18, 13, 0]:124
[48, 33, 18, 15, 0]:138
[100, 75, 50, 25, 0]:174
[65, 46, 27, 19, 0]:184
[27, 20, 13, 7, 0]:72
[76, 51, 26, 25, 0]:224
[53, 44, 35, 9, 0]:147
[103, 75, 47, 28, 0]:287
[57, 41, 25, 16, 0]:159
[61, 51, 41, 10, 0]:170
[61, 44, 27, 17, 0]:170
[75, 53, 31, 22, 0]:213
[81, 65, 49, 16, 0]:224
[117, 88, 59, 29, 0]:319
[37, 32, 27, 5, 0]:103
[63, 49, 35, 14, 0]:172
[127, 91, 55, 36, 0]:359
[52, 43, 34, 9, 0]:144
[68, 49, 30, 19, 0]:190
[40, 35, 30, 5, 0]:117
[170, 123, 76, 47, 0]:478
[181, 136, 91, 45, 0]:495
[132, 93, 54, 39, 0]:378
[57, 50, 43, 7, 0]:161
[107, 73, 39, 34, 0]:313
[107, 72, 37, 35, 0]:316
[197, 148, 99, 49, 0]:539
[69, 52, 35, 17, 0]:187
[204, 147, 90, 57, 0]:576
[110, 77, 44, 33, 0]:316
[234, 175, 116, 59, 0]:642
[81, 58, 35, 23, 0]:228
[155, 104, 53, 51, 0]:460
[165, 112, 59, 53, 0]:486
[36, 29, 22, 7, 0]:98
[108, 87, 66, 21, 0]:300
[137, 106, 75, 31, 0]:377
[155, 124, 93, 31, 0]:370
[113, 93, 73, 20, 0]:316
[121, 98, 75, 23, 0]:337
[228, 167, 106, 61, 0]:636
[187, 133, 79, 54, 0]:533
[218, 167, 116, 51, 0]:600
[279, 202, 125, 77, 0]:786
[46, 41, 36, 5, 0]:130
[76, 59, 42, 17, 0]:208
[164, 127, 90, 37, 0]:452
[205, 148, 91, 57, 0]:578
[151, 126, 101, 25, 0]:425
[156, 129, 102, 27, 0]:438
[131, 109, 87, 22, 0]:368
[94, 77, 60, 17, 0]:262
[204, 139, 74, 65, 0]:600
[65, 54, 43, 11, 0]:181
[410, 283, 156, 127, 0]:1198
[110, 93, 76, 17, 0]:310
[92, 77, 62, 15, 0]:258
[374, 257, 140, 117, 0]:1096
[285, 196, 107, 89, 0]:834
[230, 157, 84, 73, 0]:676
[127, 102, 77, 25, 0]:353
[281, 201, 121, 80, 0]:799
[201, 154, 107, 47, 0]:553
[172, 137, 102, 35, 0]:478
[252, 175, 98, 77, 0]:732
[324, 225, 126, 99, 0]:942
[34, 31, 28, 3, 0]:96
[347, 252, 157, 95, 0]:976
[260, 201, 142, 59, 0]:718
[399, 287, 175, 112, 0]:1131
[324, 217, 110, 107, 0]:966
[136, 119, 102, 17, 0]:405
[305, 241, 177, 64, 0]:848
[454, 325, 196, 129, 0]:1292
[44, 37, 30, 7, 0]:122
[100, 87, 74, 13, 0]:284
[263, 207, 151, 56, 0]:730
[243, 172, 101, 71, 0]:696
[253, 184, 115, 69, 0]:710
[446, 349, 252, 97, 0]:1238
[404, 301, 198, 103, 0]:1114
[468, 343, 218, 125, 0]:1308
[298, 235, 172, 63, 0]:828
[249, 205, 161, 44, 0]:700
[380, 255, 130, 125, 0]:1132
[353, 278, 203, 75, 0]:981
[500, 375, 250, 125, 0]:874
[481, 345, 209, 136, 0]:1367
[292, 223, 154, 69, 0]:804
[487, 363, 239, 124, 0]:1343
[252, 203, 154, 49, 0]:704
[180, 145, 110, 35, 0]:502
[72, 63, 54, 9, 0]:213
[199, 146, 93, 53, 0]:554
[135, 107, 79, 28, 0]:374
[169, 134, 99, 35, 0]:469
[281, 230, 179, 51, 0]:789
[253, 207, 161, 46, 0]:710
[499, 337, 175, 162, 0]:1481
[151, 106, 61, 45, 0]:434
[260, 215, 170, 45, 0]:732
[362, 283, 204, 79, 0]:1004
[137, 105, 73, 32, 0]:376
[443, 348, 253, 95, 0]:1231
[505, 357, 209, 148, 0]:1451
[138, 119, 100, 19, 0]:392
[132, 97, 62, 35, 0]:366
[178, 123, 68, 55, 0]:518
[89, 69, 49, 20, 0]:244
[378, 315, 252, 63, 0]:1006
[454, 341, 228, 113, 0]:1246
[257, 198, 139, 59, 0]:709
[313, 257, 201, 56, 0]:880
[452, 353, 254, 99, 0]:1254
[366, 269, 172, 97, 0]:1020
[68, 59, 50, 9, 0]:192
[260, 217, 174, 43, 0]:734
[377, 258, 139, 119, 0]:1108
[87, 71, 55, 16, 0]:242
[577, 418, 259, 159, 0]:1628
[97, 70, 43, 27, 0]:272
[463, 370, 277, 93, 0]:1293
[80, 55, 30, 25, 0]:232
[333, 244, 155, 89, 0]:930
[381, 316, 251, 65, 0]:1075
[101, 80, 59, 21, 0]:279
[101, 75, 49, 26, 0]:277
[335, 271, 207, 64, 0]:938
[97, 82, 67, 15, 0]:273
[461, 316, 171, 145, 0]:1354
[570, 423, 276, 147, 0]:1578
[390, 293, 196, 97, 0]:1070
[239, 194, 149, 45, 0]:669
[391, 314, 237, 77, 0]:1093
[54, 49, 44, 5, 0]:154
[635, 464, 293, 171, 0]:1780
[345, 242, 139, 103, 0]:996
[197, 135, 73, 62, 0]:577
[227, 152, 77, 75, 0]:676
[445, 339, 233, 106, 0]:1226
[441, 343, 245, 98, 0]:1222
[508, 349, 190, 159, 0]:1490
[277, 220, 163, 57, 0]:771
[351, 274, 197, 77, 0]:973
[332, 263, 194, 69, 0]:924
[142, 117, 92, 25, 0]:398
[260, 219, 178, 41, 0]:736
[780, 539, 298, 241, 0]:2280
[677, 468, 259, 209, 0]:1978
[489, 362, 235, 127, 0]:1356
[132, 117, 102, 15, 0]:378
[429, 311, 193, 118, 0]:1209
[241, 181, 121, 60, 0]:660
[628, 437, 246, 191, 0]:1826
[475, 372, 269, 103, 0]:1319
[611, 449, 287, 162, 0]:1705
[300, 255, 210, 45, 0]:852
[100, 89, 78, 11, 0]:286
[577, 397, 217, 180, 0]:1691
[348, 263, 178, 85, 0]:956
[324, 261, 198, 63, 0]:906
[534, 389, 244, 145, 0]:1500
[272, 187, 102, 85, 0]:796
[516, 369, 222, 147, 0]:1470
[262, 221, 180, 41, 0]:742
[93, 68, 43, 25, 0]:258
[478, 337, 196, 141, 0]:1376
[300, 203, 106, 97, 0]:888
[450, 319, 188, 131, 0]:1290
[516, 391, 266, 125, 0]:1420
[409, 337, 265, 72, 0]:1152
[151, 114, 77, 37, 0]:413
[607, 438, 269, 169, 0]:1718
[611, 425, 239, 186, 0]:1777
[473, 337, 201, 136, 0]:1351
[131, 101, 71, 30, 0]:360
[172, 143, 114, 29, 0]:484
[185, 141, 97, 44, 0]:508
[85, 67, 49, 18, 0]:234
[465, 341, 217, 124, 0]:1299
[613, 428, 243, 185, 0]:1778
[580, 447, 314, 133, 0]:1604
[450, 343, 236, 107, 0]:1240
[613, 427, 241, 186, 0]:1781
[244, 169, 94, 75, 0]:710
[400, 275, 150, 125, 0]:1172
[325, 227, 129, 98, 0]:941
[260, 211, 162, 49, 0]:728
[570, 411, 252, 159, 0]:1614
[557, 392, 227, 165, 0]:1606
[254, 217, 180, 37, 0]:722
[787, 581, 375, 206, 0]:2189
[794, 551, 308, 243, 0]:2314
[143, 127, 111, 16, 0]:410
[261, 211, 161, 50, 0]:730
[898, 667, 436, 231, 0]:2486
[820, 593, 366, 227, 0]:2318
[383, 327, 271, 56, 0]:1090
[874, 639, 404, 235, 0]:2450
[845, 564, 283, 281, 0]:2530
[937, 693, 449, 244, 0]:2603
[1051, 709, 367, 342, 0]:3125
[622, 517, 412, 105, 0]:1758
[1060, 781, 502, 279, 0]:2954
[468, 377, 286, 91, 0]:1310
[1167, 847, 527, 320, 0]:3291
[1318, 925, 532, 393, 0]:3812
[220, 195, 170, 25, 0]:632
[1084, 791, 498, 293, 0]:3044
[555, 392, 229, 163, 0]:1596
[801, 629, 457, 172, 0]:2228
[1433, 1137, 841, 296, 0]:4000
[1543, 1155, 767, 388, 0]:4247
[109, 92, 75, 17, 0]:307
[1179, 829, 479, 350, 0]:3405
[1182, 797, 412, 385, 0]:3516
[270, 217, 164, 53, 0]:754
[425, 369, 313, 56, 0]:1216
[475, 404, 333, 71, 0]:1351
[173, 135, 97, 38, 0]:478
[423, 347, 271, 76, 0]:1190
[1733, 1200, 667, 533, 0]:5062
[780, 633, 486, 147, 0]:2190
[1315, 961, 607, 354, 0]:3689
[321, 254, 187, 67, 0]:893
[193, 157, 121, 36, 0]:540
[1034, 839, 644, 195, 0]:2904
[1276, 999, 722, 277, 0]:3548
[1300, 1005, 710, 295, 0]:3602
[685, 544, 403, 141, 0]:1911
[1620, 1125, 630, 495, 0]:4722
[740, 637, 534, 103, 0]:2114
[1153, 958, 763, 195, 0]:3261
[834, 719, 604, 115, 0]:2384
[430, 333, 236, 97, 0]:1190
[332, 285, 238, 47, 0]:946
[1380, 1061, 742, 319, 0]:3818
[1100, 775, 450, 325, 0]:3172
[778, 623, 468, 155, 0]:2176
[233, 158, 83, 75, 0]:688
[1564, 1201, 838, 363, 0]:4326
[1220, 845, 470, 375, 0]:3562
[1172, 931, 690, 241, 0]:3272
[740, 635, 530, 105, 0]:2112
[1953, 1309, 665, 644, 0]:5835
[902, 717, 532, 185, 0]:2518
[1669, 1292, 915, 377, 0]:4627
[95, 87, 79, 8, 0]:274
[85, 72, 59, 13, 0]:239
[1740, 1365, 990, 375, 0]:4842
[1367, 1107, 847, 260, 0]:3838
[148, 127, 106, 21, 0]:420
[1807, 1383, 959, 424, 0]:4994
[108, 75, 42, 33, 0]:312
[1697, 1373, 1049, 324, 0]:4764
[485, 427, 369, 58, 0]:1394
[1716, 1261, 806, 455, 0]:4794
[1293, 1064, 835, 229, 0]:3647
[540, 459, 378, 81, 0]:1536
[645, 436, 227, 209, 0]:1914
[500, 425, 350, 75, 0]:1422
[1801, 1369, 937, 432, 0]:4968
[1644, 1361, 1078, 283, 0]:4646
[1756, 1459, 1162, 297, 0]:4968
[345, 241, 137, 104, 0]:999
[1620, 1377, 1134, 243, 0]:4614
[1962, 1583, 1204, 379, 0]:5504
[1084, 849, 614, 235, 0]:3014
[1151, 806, 461, 345, 0]:3334
[444, 381, 318, 63, 0]:1266
[886, 769, 652, 117, 0]:2538
[967, 851, 735, 116, 0]:2782
[779, 632, 485, 147, 0]:2187
[1759, 1267, 775, 492, 0]:4991
[849, 746, 643, 103, 0]:2441
[1805, 1427, 1049, 378, 0]:5034
[114, 99, 84, 15, 0]:324
[558, 497, 436, 61, 0]:1610
[1044, 819, 594, 225, 0]:2904
[939, 824, 709, 115, 0]:2699
[443, 388, 333, 55, 0]:1271
[815, 622, 429, 193, 0]:2249
[947, 660, 373, 287, 0]:2752
[1374, 1185, 996, 189, 0]:3930
[1339, 1044, 749, 295, 0]:3719
[842, 567, 292, 275, 0]:2506
[1940, 1399, 858, 541, 0]:5500
[725, 587, 449, 138, 0]:2034
[571, 465, 359, 106, 0]:1604
[1140, 1011, 882, 129, 0]:3288
[1465, 1258, 1051, 207, 0]:4185
[470, 361, 252, 109, 0]:1298
[780, 603, 426, 177, 0]:2160
[231, 175, 119, 56, 0]:634
[600, 525, 450, 75, 0]:1797
[1465, 1233, 1001, 232, 0]:4160
[1962, 1515, 1068, 447, 0]:5436
[1748, 1433, 1118, 315, 0]:4926
[711, 638, 565, 73, 0]:2057
[1511, 1126, 741, 385, 0]:4174
[1907, 1413, 919, 494, 0]:5293
[913, 705, 497, 208, 0]:2528
[1404, 1137, 870, 267, 0]:3942
[905, 697, 489, 208, 0]:2504
[1740, 1287, 834, 453, 0]:4836
[1407, 1078, 749, 329, 0]:3889
[1754, 1291, 828, 463, 0]:4894
[1803, 1445, 1087, 358, 0]:5048
[423, 362, 301, 61, 0]:1205
[673, 449, 225, 224, 0]:2015
[1135, 914, 693, 221, 0]:3181
[1081, 846, 611, 235, 0]:3005
[719, 630, 541, 89, 0]:2065
[655, 583, 511, 72, 0]:1890
[1615, 1407, 1199, 208, 0]:4634
[516, 429, 342, 87, 0]:1458
[1353, 1118, 883, 235, 0]:3821
[95, 86, 77, 9, 0]:273
[567, 511, 455, 56, 0]:1642
[1690, 1403, 1116, 287, 0]:4780
[1804, 1409, 1014, 395, 0]:5014
[906, 703, 500, 203, 0]:2512
[349, 307, 265, 42, 0]:1002
[41, 38, 35, 3, 0]:117
[851, 741, 631, 110, 0]:2440
[1426, 1091, 756, 335, 0]:3940
[1900, 1585, 1270, 315, 0]:5382
[180, 163, 146, 17, 0]:520
[1212, 841, 470, 371, 0]:3534
[1396, 1221, 1046, 175, 0]:4010
[1134, 945, 756, 189, 0]:3022
[1660, 1425, 1190, 235, 0]:4742
[1460, 1085, 710, 375, 0]:4042
[1325, 1159, 993, 166, 0]:3806
[738, 663, 588, 75, 0]:2136
[1116, 789, 462, 327, 0]:3210
[1887, 1282, 677, 605, 0]:5586
[94, 85, 76, 9, 0]:270
[1860, 1581, 1302, 279, 0]:5298
[99, 76, 53, 23, 0]:271
[756, 525, 294, 231, 0]:2202
[387, 316, 245, 71, 0]:1087
[978, 835, 692, 143, 0]:2788
[1657, 1361, 1065, 296, 0]:4672
[1727, 1482, 1237, 245, 0]:4933
[399, 322, 245, 77, 0]:1117
[426, 351, 276, 75, 0]:1200
[1300, 929, 558, 371, 0]:3710
[1782, 1313, 844, 469, 0]:4968
[1259, 1056, 853, 203, 0]:3571
[1699, 1461, 1223, 238, 0]:4856
[519, 431, 343, 88, 0]:1466
[828, 747, 666, 81, 0]:2400
[1699, 1389, 1079, 310, 0]:4784
[684, 475, 266, 209, 0]:1992
[649, 534, 419, 115, 0]:1829
[1549, 1260, 971, 289, 0]:4355
[316, 289, 262, 27, 0]:918
[1612, 1305, 998, 307, 0]:4526
[1009, 821, 633, 188, 0]:2836
[321, 274, 227, 47, 0]:913
[1224, 1071, 918, 153, 0]:3669
[685, 563, 441, 122, 0]:1930
[1483, 1024, 565, 459, 0]:4340
[737, 585, 433, 152, 0]:2056
[1852, 1283, 714, 569, 0]:5408
[1934, 1601, 1268, 333, 0]:5466
[1617, 1225, 833, 392, 0]:4456
[151, 135, 119, 16, 0]:434
[691, 581, 471, 110, 0]:1960
[483, 364, 245, 119, 0]:1327
[1097, 922, 747, 175, 0]:3113
[100, 85, 70, 15, 0]:282
[954, 859, 764, 95, 0]:2764
[1735, 1443, 1151, 292, 0]:4910
[1303, 1147, 991, 156, 0]:3750
[428, 393, 358, 35, 0]:1246
[613, 487, 361, 126, 0]:1710
[1338, 1135, 932, 203, 0]:3808
[684, 551, 418, 133, 0]:1916
[901, 656, 411, 245, 0]:2534
[879, 610, 341, 269, 0]:2562
[1964, 1711, 1458, 253, 0]:5636
[1009, 889, 769, 120, 0]:2904
[1428, 973, 518, 455, 0]:4218
[1343, 1183, 1023, 160, 0]:3866
[1993, 1757, 1521, 236, 0]:5740
[685, 603, 521, 82, 0]:1970
[396, 291, 186, 105, 0]:1104
[380, 295, 210, 85, 0]:1052
[1413, 1064, 715, 349, 0]:3887
[1026, 891, 756, 135, 0]:2940
[788, 713, 638, 75, 0]:2286
[1132, 941, 750, 191, 0]:3202
[1170, 1047, 924, 123, 0]:3384
[911, 810, 709, 101, 0]:2629
[1684, 1439, 1194, 245, 0]:4804
[680, 595, 510, 85, 0]:2037
[403, 360, 317, 43, 0]:1163
[1348, 1037, 726, 311, 0]:3730
[297, 262, 227, 35, 0]:853
[827, 585, 343, 242, 0]:2377
[990, 837, 684, 153, 0]:2814
[291, 265, 239, 26, 0]:844
[389, 296, 203, 93, 0]:1071
[1580, 1287, 994, 293, 0]:4444
[1546, 1391, 1236, 155, 0]:4480
[108, 85, 62, 23, 0]:298
[1893, 1699, 1505, 194, 0]:5482
[649, 494, 339, 155, 0]:1789
[612, 551, 490, 61, 0]:1772
[1994, 1759, 1524, 235, 0]:5744
[1549, 1036, 523, 513, 0]:4634
[1602, 1423, 1244, 179, 0]:4624
[996, 861, 726, 135, 0]:2850
[1956, 1461, 966, 495, 0]:5394
[1668, 1163, 658, 505, 0]:4848
[1039, 946, 853, 93, 0]:3021
[1037, 887, 737, 150, 0]:2958
[563, 508, 453, 55, 0]:1631
