[571, 334, 199, 103, 0]:2349
[571, 217, 151, 100, 0]:2426
[571, 313, 81, 42, 0]:2282
[571, 190, 169, 79, 0]:2456
[571, 143, 72, 62, 0]:2346
[571, 355, 233, 228, 0]:2625
[571, 338, 313, 11, 0]:2699
[571, 221, 206, 84, 0]:2493
[571, 225, 97, 4, 0]:2334
[571, 389, 364, 182, 0]:1706
[571, 349, 165, 10, 0]:2290
[571, 362, 176, 147, 0]:2397
[571, 423, 80, 65, 0]:2329
[571, 446, 80, 15, 0]:2280
[571, 398, 204, 73, 0]:2319
[571, 376, 180, 17, 0]:2280
[571, 460, 135, 6, 0]:2303
[571, 351, 283, 62, 0]:2568
[571, 330, 313, 153, 0]:2625
[571, 438, 259, 53, 0]:2431
[571, 259, 97, 16, 0]:2337
[571, 310, 243, 115, 0]:2484
[571, 435, 241, 174, 0]:2536
[571, 215, 175, 54, 0]:2447
[571, 457, 284, 2, 0]:2566
[571, 426, 353, 88, 0]:2713
[571, 352, 107, 29, 0]:2280
[571, 240, 94, 87, 0]:2368
[571, 358, 242, 20, 0]:2462
[571, 254, 247, 147, 0]:2576
[571, 417, 337, 64, 0]:2695
[571, 408, 365, 160, 0]:2761
[571, 450, 348, 1, 0]:2809
[571, 422, 356, 223, 0]:2735
[571, 476, 325, 291, 0]:2881
[571, 288, 260, 113, 0]:2534
[571, 396, 346, 6, 0]:2752
[571, 359, 242, 21, 0]:2459
[571, 266, 158, 135, 0]:2435
[571, 478, 376, 325, 0]:3212
[571, 306, 293, 163, 0]:2605
[571, 346, 108, 58, 0]:2287
[571, 514, 220, 157, 0]:2535
[571, 256, 141, 112, 0]:2409
[571, 494, 239, 22, 0]:2473
[571, 478, 334, 241, 0]:2068
[571, 514, 239, 162, 0]:2545
[571, 431, 341, 70, 0]:2693
[571, 512, 62, 10, 0]:2282
[571, 520, 381, 204, 0]:3414
[571, 264, 263, 178, 0]:2681
[571, 458, 395, 151, 0]:2939
[571, 406, 179, 129, 0]:2371
[571, 550, 273, 189, 0]:2990
[571, 514, 204, 106, 0]:2431
[571, 520, 148, 57, 0]:2376
[571, 386, 308, 39, 0]:2628
[571, 485, 430, 341, 0]:3638
[571, 418, 309, 250, 0]:2756
[571, 300, 54, 21, 0]:2280
[571, 424, 369, 140, 0]:2761
[571, 224, 209, 46, 0]:2516
[571, 528, 230, 121, 0]:2590
[571, 495, 478, 419, 0]:3603
[571, 453, 329, 250, 0]:2768
[571, 457, 323, 50, 0]:2667
[571, 494, 343, 164, 0]:2773
[571, 198, 99, 46, 0]:2114
[571, 318, 173, 28, 0]:2212
[571, 402, 268, 23, 0]:2478
[571, 368, 356, 10, 0]:2805
[571, 262, 79, 21, 0]:2323
[571, 241, 228, 5, 0]:2559
[571, 338, 110, 97, 0]:2363
[571, 495, 399, 162, 0]:3197
[571, 456, 351, 205, 0]:2761
[571, 401, 309, 116, 0]:2619
[571, 351, 119, 14, 0]:2280
[571, 334, 106, 34, 0]:2280
[571, 508, 435, 133, 0]:3538
[571, 426, 399, 376, 0]:3454
[571, 510, 387, 322, 0]:3246
[571, 515, 361, 290, 0]:2993
[571, 420, 131, 22, 0]:2280
[571, 398, 183, 40, 0]:2289
[571, 533, 217, 36, 0]:2507
[571, 254, 241, 233, 0]:2729
[571, 530, 290, 273, 0]:2814
[571, 459, 434, 271, 0]:3307
[571, 406, 283, 24, 0]:2562
[571, 402, 262, 191, 0]:2566
[571, 361, 252, 154, 0]:2478
[571, 353, 314, 229, 0]:2722
[571, 349, 190, 103, 0]:2325
[571, 212, 92, 37, 0]:2326
[571, 390, 265, 122, 0]:2502
[571, 481, 465, 159, 0]:3621
[571, 233, 222, 73, 0]:2521
[571, 410, 234, 229, 0]:2627
[571, 191, 174, 83, 0]:2464
[571, 497, 492, 268, 0]:4132
[571, 475, 321, 224, 0]:2714
[571, 515, 238, 96, 0]:2475
[571, 506, 442, 251, 0]:3843
[571, 378, 301, 198, 0]:2609
[571, 403, 381, 68, 0]:2810
[571, 501, 448, 324, 0]:3811
[571, 454, 288, 95, 0]:2571
[571, 538, 185, 117, 0]:2479
[571, 316, 313, 118, 0]:2648
[571, 532, 202, 13, 0]:2498
[571, 211, 118, 108, 0]:2394
[571, 430, 259, 96, 0]:2484
[571, 537, 214, 149, 0]:2542
[571, 450, 222, 157, 0]:2471
[571, 461, 356, 151, 0]:2820
[571, 438, 323, 307, 0]:2943
[571, 518, 170, 151, 0]:2527
[571, 504, 477, 25, 0]:3962
[571, 388, 345, 178, 0]:2691
[571, 479, 318, 233, 0]:2725
[571, 422, 125, 66, 0]:2286
[571, 495, 118, 84, 0]:2361
[571, 302, 91, 6, 0]:2308
[571, 348, 225, 187, 0]:2492
[571, 186, 129, 7, 0]:2392
[571, 519, 229, 217, 0]:2660
[571, 458, 97, 72, 0]:2326
[571, 442, 439, 346, 0]:3498
[571, 517, 382, 225, 0]:3392
[571, 356, 102, 38, 0]:2280
[571, 443, 134, 31, 0]:2285
[571, 248, 208, 30, 0]:2502
[571, 465, 463, 68, 0]:3441
[571, 352, 62, 17, 0]:2280
[571, 446, 227, 189, 0]:2538
[571, 283, 82, 60, 0]:2344
[571, 498, 290, 146, 0]:2497
[571, 543, 286, 260, 0]:2796
[571, 553, 318, 301, 0]:3815
[571, 426, 121, 12, 0]:2280
[571, 426, 403, 229, 0]:3050
[571, 467, 421, 198, 0]:3238
[571, 333, 260, 218, 0]:2632
[571, 490, 468, 271, 0]:3759
[571, 492, 191, 38, 0]:2391
[571, 398, 327, 217, 0]:2683
[571, 561, 342, 79, 0]:4310
[571, 380, 101, 49, 0]:2280
[571, 470, 367, 72, 0]:2968
[571, 537, 516, 88, 0]:5719
[571, 514, 461, 47, 0]:3899
[571, 466, 273, 250, 0]:2729
[571, 260, 218, 7, 0]:2520
[571, 547, 452, 450, 0]:6009
[571, 370, 157, 76, 0]:2280
[571, 490, 415, 24, 0]:3389
[571, 444, 169, 93, 0]:2337
[571, 507, 164, 106, 0]:2426
[571, 102, 70, 19, 0]:2353
[571, 498, 230, 79, 0]:2438
[571, 553, 417, 100, 0]:4282
[571, 502, 205, 139, 0]:2487
[571, 300, 46, 21, 0]:2280
[571, 373, 57, 23, 0]:2280
[571, 494, 232, 21, 0]:2465
[571, 314, 309, 149, 0]:2641
[571, 178, 87, 2, 0]:2324
[571, 516, 246, 201, 0]:2625
[571, 512, 445, 81, 0]:3757
[571, 515, 286, 42, 0]:2609
[571, 504, 489, 138, 0]:4090
[571, 194, 100, 3, 0]:2368
[571, 376, 225, 33, 0]:2385
[571, 555, 272, 257, 0]:3443
[571, 541, 351, 309, 0]:3076
[81, 150, 507, 571, 0]:2376
[54, 119, 122, 571, 0]:2414
[89, 304, 491, 571, 0]:2619
[25, 38, 516, 571, 0]:2550
[53, 290, 469, 571, 0]:2577
[258, 270, 411, 571, 0]:2766
[1, 96, 377, 571, 0]:2280
[13, 319, 454, 571, 0]:2696
[335, 350, 555, 571, 0]:3462
[406, 491, 546, 571, 0]:7171
[34, 97, 205, 571, 0]:2324
[169, 346, 559, 571, 0]:3502
[6, 79, 183, 571, 0]:2315
[87, 300, 333, 571, 0]:2597
[88, 241, 315, 571, 0]:2486
[4, 309, 464, 571, 0]:2663
[330, 331, 568, 571, 0]:4774
[349, 353, 516, 571, 0]:3929
[466, 489, 516, 571, 0]:4950
[18, 30, 562, 571, 0]:2243
[387, 424, 534, 571, 0]:2077
[457, 480, 533, 571, 0]:5017
[209, 241, 531, 571, 0]:2656
[77, 103, 536, 571, 0]:2397
[91, 513, 550, 571, 0]:7510
[181, 210, 265, 571, 0]:2589
[81, 400, 424, 571, 0]:2969
[140, 408, 473, 571, 0]:3167
[146, 276, 383, 571, 0]:2539
[191, 326, 406, 571, 0]:2626
[100, 214, 231, 571, 0]:2504
[350, 355, 524, 571, 0]:3339
[157, 173, 512, 571, 0]:2533
[237, 253, 551, 571, 0]:2732
[279, 296, 521, 571, 0]:3198
[164, 168, 569, 571, 0]:2463
[141, 153, 544, 571, 0]:2533
[454, 463, 546, 571, 0]:6012
[340, 377, 519, 571, 0]:3340
[352, 357, 556, 571, 0]:3601
[6, 10, 548, 571, 0]:2281
[16, 119, 570, 571, 0]:3749
[181, 456, 466, 571, 0]:3353
[9, 478, 546, 571, 0]:4820
[202, 465, 466, 571, 0]:3452
[16, 322, 396, 571, 0]:2689
[122, 187, 312, 571, 0]:2403
[130, 134, 228, 571, 0]:2443
[197, 408, 437, 571, 0]:3009
[117, 382, 406, 571, 0]:3012
[91, 182, 567, 571, 0]:3077
[52, 79, 366, 571, 0]:2304
[71, 357, 419, 571, 0]:2719
[38, 121, 146, 571, 0]:2395
[261, 334, 397, 571, 0]:2819
[15, 390, 510, 571, 0]:3125
[33, 148, 532, 571, 0]:3085
[323, 398, 481, 571, 0]:3314
[50, 139, 342, 571, 0]:2280
[274, 419, 495, 571, 0]:2435
[26, 332, 336, 571, 0]:2751
[148, 311, 449, 571, 0]:2639
[17, 306, 560, 571, 0]:2778
[354, 375, 540, 571, 0]:4332
[59, 242, 517, 571, 0]:3192
[74, 92, 169, 571, 0]:2363
[22, 210, 256, 571, 0]:2501
[69, 202, 266, 571, 0]:2497
[58, 155, 524, 571, 0]:2388
[571, 73, 56, 14, 0]:2319
[571, 99, 64, 45, 0]:2324
[571, 172, 150, 12, 0]:2408
[571, 226, 66, 19, 0]:2280
[571, 274, 125, 11, 0]:2280
[571, 238, 128, 23, 0]:2297
[571, 286, 273, 235, 0]:2722
[571, 210, 135, 10, 0]:2340
[571, 229, 200, 146, 0]:2512
[571, 247, 242, 78, 0]:2517
[571, 209, 127, 116, 0]:2417
[571, 259, 222, 200, 0]:2619
[571, 279, 186, 133, 0]:2412
[571, 278, 149, 106, 0]:2361
[571, 275, 269, 196, 0]:2658
[571, 258, 231, 27, 0]:2019
[571, 338, 50, 19, 0]:2280
[571, 353, 192, 86, 0]:2310
[571, 314, 251, 214, 0]:2606
[571, 305, 259, 6, 0]:2493
[571, 368, 108, 94, 0]:2359
[571, 368, 223, 117, 0]:2386
[571, 307, 285, 10, 0]:2564
[571, 275, 182, 139, 0]:2420
[571, 382, 131, 33, 0]:2280
[571, 334, 285, 177, 0]:2592
[571, 380, 241, 147, 0]:2480
[571, 383, 180, 46, 0]:2280
[571, 377, 245, 76, 0]:2442
[571, 309, 298, 63, 0]:2604
[571, 422, 98, 13, 0]:2280
[571, 197, 178, 108, 0]:2456
[571, 399, 206, 58, 0]:2325
[571, 322, 217, 190, 0]:2526
[571, 337, 196, 96, 0]:2334
[571, 364, 213, 126, 0]:2384
[571, 215, 86, 61, 0]:2315
[571, 413, 236, 13, 0]:2416
[571, 406, 135, 90, 0]:2368
[571, 413, 308, 148, 0]:2598
[571, 435, 270, 81, 0]:2517
[571, 234, 194, 79, 0]:2433
[571, 401, 238, 221, 0]:2621
[571, 375, 367, 66, 0]:2849
[571, 322, 116, 62, 0]:2287
[571, 381, 198, 171, 0]:2444
[571, 407, 323, 70, 0]:2670
[571, 466, 161, 21, 0]:2335
[571, 455, 212, 198, 0]:2558
[571, 375, 161, 38, 0]:2280
[571, 253, 190, 105, 0]:2406
[571, 388, 310, 61, 0]:2638
[571, 457, 305, 74, 0]:2623
[571, 474, 310, 97, 0]:2358
[571, 392, 322, 227, 0]:2727
[571, 390, 330, 273, 0]:2823
[571, 477, 78, 37, 0]:2280
[571, 409, 380, 99, 0]:2821
[571, 468, 265, 136, 0]:2508
[571, 409, 294, 166, 0]:2644
[571, 465, 244, 162, 0]:2518
[571, 414, 367, 29, 0]:2787
[571, 472, 282, 143, 0]:2556
[571, 289, 241, 150, 0]:2482
[571, 281, 226, 83, 0]:2451
[571, 514, 57, 30, 0]:1823
[571, 438, 345, 271, 0]:2940
[571, 323, 130, 18, 0]:2280
[571, 280, 68, 5, 0]:2280
[571, 474, 323, 28, 0]:2678
[571, 490, 106, 34, 0]:2304
[571, 438, 382, 35, 0]:2874
[571, 436, 153, 111, 0]:2365
[571, 408, 313, 76, 0]:2646
[571, 424, 394, 309, 0]:3134
[571, 394, 275, 99, 0]:2532
[571, 486, 285, 208, 0]:2686
[571, 430, 423, 232, 0]:3079
[571, 456, 394, 146, 0]:2929
[571, 315, 158, 73, 0]:2280
[571, 363, 334, 9, 0]:2716
[571, 355, 82, 22, 0]:2280
[571, 181, 150, 11, 0]:2399
[571, 217, 46, 1, 0]:2280
[571, 457, 350, 192, 0]:2778
[571, 77, 32, 9, 0]:2280
[571, 292, 93, 25, 0]:2280
[571, 382, 291, 31, 0]:2611
[571, 330, 262, 36, 0]:2494
[571, 398, 330, 173, 0]:2487
[571, 381, 79, 72, 0]:2344
[571, 449, 350, 334, 0]:3050
[571, 442, 435, 213, 0]:3302
[571, 157, 147, 58, 0]:2417
[571, 98, 97, 18, 0]:2376
[571, 224, 75, 17, 0]:2280
[571, 165, 147, 124, 0]:2490
[571, 284, 113, 28, 0]:2280
[571, 275, 177, 14, 0]:2359
[571, 259, 207, 70, 0]:2435
[571, 281, 276, 124, 0]:2551
[571, 191, 99, 2, 0]:2287
[571, 200, 114, 70, 0]:2332
[571, 285, 182, 164, 0]:2485
[571, 263, 234, 118, 0]:2484
[571, 238, 231, 56, 0]:2504
[571, 318, 175, 38, 0]:2311
[571, 243, 175, 146, 0]:2473
[571, 351, 138, 6, 0]:2280
[571, 320, 113, 6, 0]:2280
[571, 336, 80, 65, 0]:2329
[571, 287, 131, 94, 0]:2336
[571, 290, 273, 16, 0]:2536
[571, 338, 129, 59, 0]:2280
[571, 311, 257, 124, 0]:2482
[571, 378, 148, 133, 0]:2397
[571, 385, 82, 15, 0]:2280
[571, 332, 265, 198, 0]:2305
[571, 353, 257, 138, 0]:2478
[571, 269, 262, 170, 0]:2604
[571, 400, 53, 11, 0]:2280
[571, 372, 229, 166, 0]:2474
[571, 309, 284, 274, 0]:2830
[571, 398, 195, 58, 0]:2301
[571, 372, 238, 151, 0]:2468
[571, 361, 158, 113, 0]:2347
[571, 330, 265, 262, 0]:2761
[571, 398, 250, 56, 0]:2457
[571, 416, 206, 66, 0]:2330
[571, 309, 243, 160, 0]:2466
[571, 416, 241, 21, 0]:2431
[571, 423, 261, 64, 0]:2490
[571, 304, 63, 30, 0]:2280
[571, 305, 201, 182, 0]:2519
[571, 324, 218, 46, 0]:2392
[571, 427, 153, 58, 0]:2288
[571, 375, 334, 55, 0]:2682
[571, 389, 291, 10, 0]:2590
[571, 425, 274, 33, 0]:2530
[571, 400, 112, 21, 0]:2280
[571, 350, 307, 222, 0]:2679
[571, 382, 292, 175, 0]:2704
[571, 391, 290, 32, 0]:2610
[571, 407, 188, 178, 0]:2470
[571, 415, 295, 142, 0]:2592
[571, 367, 292, 253, 0]:2785
[571, 270, 148, 21, 0]:2305
[571, 443, 182, 63, 0]:2333
[571, 285, 220, 215, 0]:2638
[571, 251, 232, 174, 0]:2588
[571, 453, 135, 96, 0]:2352
[571, 377, 320, 112, 0]:2636
[571, 451, 186, 136, 0]:2430
[571, 220, 146, 48, 0]:2351
[571, 431, 187, 98, 0]:2334
[571, 357, 356, 148, 0]:2911
[571, 388, 251, 29, 0]:2471
[571, 473, 173, 54, 0]:2354
[571, 412, 157, 123, 0]:2368
[571, 444, 209, 68, 0]:2361
[571, 472, 89, 56, 0]:2302
[571, 330, 209, 139, 0]:2418
[571, 498, 279, 51, 0]:2873
[571, 315, 190, 76, 0]:2344
[571, 469, 284, 47, 0]:2560
[571, 460, 138, 28, 0]:2306
[571, 471, 188, 34, 0]:2367
[571, 458, 291, 68, 0]:2580
[571, 304, 209, 207, 0]:2595
[571, 419, 337, 84, 0]:2699
[571, 424, 369, 65, 0]:2814
[571, 482, 99, 5, 0]:2293
[571, 418, 108, 37, 0]:2280
[571, 369, 353, 124, 0]:2850
[571, 362, 211, 149, 0]:2426
[571, 262, 41, 27, 0]:2292
[571, 461, 329, 138, 0]:2694
[571, 454, 330, 13, 0]:2699
[571, 219, 134, 79, 0]:2351
[571, 359, 217, 156, 0]:2439
[571, 446, 354, 107, 0]:2728
[571, 394, 195, 97, 0]:2297
[571, 485, 183, 62, 0]:2376
[571, 386, 382, 239, 0]:2952
[571, 412, 170, 5, 0]:2290
[571, 457, 186, 1, 0]:2579
[571, 140, 82, 60, 0]:2339
[571, 456, 403, 221, 0]:3002
[571, 400, 383, 21, 0]:2874
[571, 365, 345, 337, 0]:3086
[571, 484, 190, 177, 0]:2545
[571, 401, 273, 112, 0]:2526
[571, 430, 409, 189, 0]:3057
[571, 397, 232, 100, 0]:2403
[571, 386, 40, 6, 0]:2280
[571, 475, 286, 186, 0]:2650
[571, 493, 198, 23, 0]:2417
[571, 406, 361, 105, 0]:2747
[571, 341, 303, 106, 0]:2586
[571, 465, 124, 82, 0]:2336
[571, 234, 90, 64, 0]:2317
[571, 437, 329, 214, 0]:2725
[571, 335, 195, 22, 0]:2335
[571, 501, 283, 52, 0]:2584
[571, 343, 315, 298, 0]:2887
[571, 426, 284, 13, 0]:2553
[571, 296, 209, 157, 0]:2453
[571, 279, 98, 50, 0]:2281
[571, 398, 363, 310, 0]:2965
[571, 408, 285, 192, 0]:2672
[571, 506, 153, 34, 0]:2367
[571, 453, 311, 170, 0]:2641
[571, 390, 307, 87, 0]:2629
[571, 330, 208, 37, 0]:2366
[571, 506, 131, 61, 0]:2345
[571, 456, 257, 188, 0]:2596
[571, 400, 245, 35, 0]:2443
[571, 477, 408, 186, 0]:3183
[571, 488, 218, 157, 0]:2509
[571, 477, 400, 156, 0]:3107
[571, 332, 54, 47, 0]:2319
[571, 288, 125, 16, 0]:2280
[571, 432, 293, 163, 0]:2141
[571, 496, 289, 169, 0]:2622
[571, 217, 190, 70, 0]:2443
[571, 398, 309, 94, 0]:2630
[571, 502, 227, 153, 0]:2515
[571, 393, 368, 118, 0]:2865
[571, 428, 124, 65, 0]:2285
[571, 466, 351, 273, 0]:2864
[571, 303, 282, 241, 0]:2737
[571, 365, 146, 138, 0]:2409
[571, 449, 394, 228, 0]:3006
[571, 488, 316, 125, 0]:2655
[571, 475, 446, 245, 0]:3487
[571, 395, 237, 232, 0]:2647
[571, 421, 316, 210, 0]:2772
[571, 292, 201, 91, 0]:2193
[571, 451, 369, 341, 0]:3170
[571, 507, 336, 193, 0]:2793
[571, 325, 302, 170, 0]:2604
[571, 350, 309, 232, 0]:2711
[571, 313, 89, 78, 0]:2346
[571, 263, 113, 78, 0]:2322
[571, 507, 328, 117, 0]:2712
[571, 499, 299, 281, 0]:2840
[571, 449, 427, 350, 0]:3500
[571, 268, 95, 74, 0]:2332
[571, 455, 297, 206, 0]:2665
[571, 202, 113, 41, 0]:2303
[571, 209, 189, 92, 0]:2448
[571, 233, 216, 83, 0]:2479
[571, 411, 405, 234, 0]:3161
[571, 507, 114, 90, 0]:2394
[571, 442, 320, 143, 0]:2667
[571, 321, 303, 124, 0]:2600
[571, 270, 154, 81, 0]:2324
[571, 396, 282, 193, 0]:2700
[571, 484, 420, 1, 0]:3316
[571, 438, 434, 275, 0]:3414
[571, 416, 409, 360, 0]:3411
[571, 253, 152, 138, 0]:2439
[571, 423, 374, 65, 0]:2793
[571, 165, 152, 139, 0]:2212
[571, 257, 216, 8, 0]:2455
[571, 226, 59, 8, 0]:2280
[571, 193, 185, 41, 0]:2457
[571, 234, 130, 97, 0]:2368
[571, 156, 148, 34, 0]:2420
[571, 200, 123, 106, 0]:2396
[571, 250, 152, 2, 0]:2334
[571, 291, 198, 39, 0]:2385
[571, 270, 256, 4, 0]:2522
[571, 209, 174, 94, 0]:2418
[571, 203, 154, 140, 0]:2495
[571, 269, 251, 120, 0]:2512
[571, 283, 146, 102, 0]:2345
[571, 276, 253, 188, 0]:2458
[571, 184, 178, 115, 0]:2496
[571, 311, 198, 86, 0]:2364
[571, 328, 149, 26, 0]:2280
[571, 295, 240, 166, 0]:2500
[571, 361, 192, 59, 0]:2302
[571, 320, 139, 137, 0]:2414
[571, 174, 130, 1, 0]:2366
[571, 369, 189, 118, 0]:2334
[571, 316, 286, 97, 0]:2566
[571, 373, 182, 137, 0]:2371
[571, 310, 267, 213, 0]:2628
[571, 242, 108, 32, 0]:2280
[571, 344, 265, 255, 0]:2754
[571, 274, 111, 97, 0]:2362
[571, 159, 158, 44, 0]:2437
[571, 365, 230, 217, 0]:2611
[571, 378, 275, 259, 0]:2788
[571, 88, 68, 41, 0]:2327
[571, 404, 150, 145, 0]:2419
[571, 373, 320, 125, 0]:2614
[571, 406, 59, 38, 0]:2374
[571, 411, 257, 38, 0]:2479
[571, 354, 291, 130, 0]:2570
[571, 342, 221, 103, 0]:2379
[571, 342, 301, 216, 0]:2680
[571, 178, 151, 105, 0]:2434
[571, 312, 301, 263, 0]:2812
[571, 354, 325, 35, 0]:2688
[571, 256, 161, 63, 0]:2345
[571, 376, 334, 25, 0]:2731
[571, 344, 331, 62, 0]:2761
[571, 381, 374, 77, 0]:2845
[571, 69, 50, 35, 0]:2314
[571, 281, 138, 59, 0]:2280
[571, 273, 159, 88, 0]:2340
[571, 418, 235, 52, 0]:2260
[571, 185, 86, 78, 0]:2349
[571, 80, 68, 46, 0]:2346
[571, 430, 216, 187, 0]:2512
[571, 431, 278, 199, 0]:2615
[571, 490, 202, 81, 0]:2112
[571, 438, 286, 105, 0]:2565
[571, 320, 305, 30, 0]:2459
[571, 433, 108, 8, 0]:2280
[571, 426, 122, 32, 0]:2280
[571, 319, 93, 74, 0]:2334
[571, 474, 133, 46, 0]:2315
[571, 506, 65, 1, 0]:1839
[571, 324, 297, 181, 0]:2618
[571, 201, 199, 158, 0]:2590
[571, 466, 276, 77, 0]:2535
[571, 388, 276, 57, 0]:2536
[571, 478, 241, 61, 0]:2430
[571, 344, 10, 8, 0]:2285
[571, 454, 41, 18, 0]:2280
[571, 205, 27, 14, 0]:2280
[571, 386, 228, 167, 0]:2497
[571, 337, 202, 166, 0]:2445
[571, 465, 277, 216, 0]:2665
[571, 466, 243, 240, 0]:2669
[571, 456, 310, 247, 0]:2757
[571, 448, 354, 115, 0]:2734
[571, 411, 338, 263, 0]:2951
[571, 237, 134, 34, 0]:2310
[571, 493, 185, 44, 0]:2386
[571, 390, 37, 13, 0]:2280
[571, 388, 189, 14, 0]:2285
[571, 354, 197, 134, 0]:2389
[571, 230, 172, 33, 0]:2394
[571, 418, 87, 32, 0]:2280
[571, 358, 309, 29, 0]:2654
[571, 493, 272, 128, 0]:2523
[571, 421, 200, 198, 0]:2524
[571, 416, 201, 49, 0]:2325
[571, 87, 85, 38, 0]:2363
[571, 179, 133, 84, 0]:2366
[571, 440, 294, 107, 0]:2589
[571, 462, 315, 46, 0]:2654
[571, 497, 290, 31, 0]:2607
[571, 306, 296, 167, 0]:2612
[571, 276, 121, 56, 0]:2280
[571, 204, 55, 34, 0]:2292
[571, 386, 209, 168, 0]:2460
[571, 324, 169, 22, 0]:2293
[571, 151, 117, 42, 0]:2362
[571, 458, 373, 257, 0]:2899
[571, 268, 165, 99, 0]:2373
[571, 440, 377, 319, 0]:3124
[571, 344, 219, 106, 0]:2373
[571, 492, 130, 105, 0]:2409
[571, 405, 154, 96, 0]:2317
[571, 276, 201, 153, 0]:2461
[571, 480, 301, 153, 0]:2614
[571, 510, 310, 61, 0]:2388
[571, 450, 383, 311, 0]:3198
[571, 233, 224, 46, 0]:2495
[571, 445, 214, 172, 0]:2496
[571, 291, 46, 42, 0]:2317
[571, 475, 365, 264, 0]:2921
[571, 504, 150, 21, 0]:2362
[571, 424, 385, 103, 0]:2823
[571, 258, 254, 229, 0]:2728
[571, 495, 306, 168, 0]:2654
[571, 486, 310, 261, 0]:2408
[571, 474, 422, 157, 0]:3170
[571, 460, 443, 174, 0]:3257
[571, 499, 238, 219, 0]:2644
[571, 474, 163, 61, 0]:2345
[571, 493, 180, 53, 0]:2381
[571, 443, 421, 146, 0]:3182
[571, 425, 237, 130, 0]:2440
[571, 244, 241, 22, 0]:2518
[571, 345, 313, 108, 0]:2624
[571, 442, 254, 219, 0]:2899
[571, 209, 204, 184, 0]:2636
[571, 457, 168, 16, 0]:2333
[571, 401, 378, 184, 0]:2919
[571, 489, 51, 6, 0]:2280
[571, 514, 204, 29, 0]:2683
[571, 360, 254, 14, 0]:2484
[571, 496, 378, 165, 0]:3017
[571, 442, 131, 77, 0]:2303
[571, 338, 96, 34, 0]:2280
[571, 466, 415, 348, 0]:3514
[571, 380, 321, 203, 0]:2636
[571, 452, 409, 342, 0]:3502
[571, 239, 26, 6, 0]:2280
[571, 495, 353, 4, 0]:2822
[571, 496, 73, 15, 0]:2280
[571, 459, 342, 157, 0]:2733
[571, 375, 294, 162, 0]:2552
[571, 453, 225, 180, 0]:2520
[571, 390, 389, 209, 0]:2348
[571, 454, 395, 387, 0]:3641
[571, 410, 307, 203, 0]:2741
[571, 441, 141, 126, 0]:2400
[571, 378, 289, 129, 0]:2593
[571, 506, 335, 259, 0]:2840
[571, 134, 102, 1, 0]:2350
[571, 352, 203, 105, 0]:2339
[571, 441, 400, 319, 0]:3304
[571, 493, 380, 299, 0]:3090
[571, 514, 415, 15, 0]:4042
[571, 245, 228, 203, 0]:2650
[571, 432, 215, 121, 0]:2381
[571, 317, 265, 132, 0]:2511
[571, 264, 214, 47, 0]:2444
[571, 497, 229, 111, 0]:2434
[571, 245, 78, 68, 0]:2337
[571, 489, 426, 235, 0]:3478
[571, 398, 361, 315, 0]:2950
[571, 429, 365, 212, 0]:2758
[571, 480, 281, 43, 0]:2552
[571, 241, 99, 48, 0]:2280
[571, 485, 413, 46, 0]:3400
[571, 469, 260, 176, 0]:2538
[571, 490, 389, 269, 0]:3128
[571, 516, 38, 25, 0]:2563
[571, 466, 269, 185, 0]:2614
[571, 297, 211, 194, 0]:2563
[571, 522, 223, 47, 0]:2531
[571, 333, 309, 114, 0]:2620
[571, 362, 295, 237, 0]:2754
[571, 273, 210, 136, 0]:2426
[571, 498, 428, 1, 0]:3445
[571, 310, 219, 65, 0]:2407
[571, 367, 324, 254, 0]:2792
[571, 471, 165, 142, 0]:2462
[571, 486, 125, 4, 0]:2319
[571, 465, 455, 383, 0]:3904
[571, 517, 348, 50, 0]:2823
[571, 493, 447, 40, 0]:3632
[571, 404, 261, 131, 0]:2490
[571, 522, 249, 105, 0]:2530
[571, 518, 83, 67, 0]:2359
[571, 442, 159, 100, 0]:2349
[571, 328, 78, 55, 0]:2311
[571, 309, 196, 27, 0]:2363
[571, 491, 176, 85, 0]:2899
[571, 352, 246, 239, 0]:2681
[571, 517, 349, 246, 0]:2891
[571, 501, 342, 280, 0]:3031
[571, 503, 456, 250, 0]:3813
[571, 448, 198, 157, 0]:2469
[571, 502, 432, 39, 0]:3608
[571, 513, 322, 122, 0]:2693
[571, 517, 424, 195, 0]:3412
[571, 450, 229, 69, 0]:2394
[571, 357, 256, 230, 0]:2702
[571, 528, 290, 107, 0]:2643
[571, 279, 186, 175, 0]:2524
[571, 425, 322, 209, 0]:2723
[571, 306, 118, 21, 0]:2280
[571, 414, 132, 87, 0]:2321
[571, 518, 338, 273, 0]:2887
[571, 475, 256, 105, 0]:2475
[571, 508, 433, 133, 0]:3555
[571, 323, 257, 138, 0]:2486
[571, 510, 289, 70, 0]:2604
[571, 336, 293, 244, 0]:2771
[571, 484, 370, 349, 0]:3375
[571, 309, 296, 274, 0]:2824
[571, 485, 250, 5, 0]:2517
[571, 513, 374, 206, 0]:2934
[571, 523, 83, 42, 0]:2314
[571, 397, 142, 25, 0]:2280
[571, 362, 71, 21, 0]:2280
[571, 236, 205, 195, 0]:2627
[571, 490, 441, 387, 0]:4015
[571, 514, 170, 3, 0]:2445
[571, 528, 161, 122, 0]:2479
[571, 401, 392, 174, 0]:3035
[571, 397, 213, 48, 0]:2346
[571, 480, 385, 260, 0]:3084
[571, 314, 115, 2, 0]:2280
[571, 523, 381, 57, 0]:3175
[571, 312, 262, 49, 0]:2494
[571, 379, 186, 140, 0]:2373
[571, 445, 378, 215, 0]:2928
[571, 525, 140, 86, 0]:2404
[571, 525, 343, 234, 0]:2860
[571, 541, 451, 178, 0]:3750
[571, 513, 475, 40, 0]:4487
[571, 400, 330, 163, 0]:2631
[571, 530, 163, 39, 0]:3117
[571, 526, 352, 15, 0]:2935
[571, 503, 181, 164, 0]:2538
[571, 524, 419, 186, 0]:3381
[571, 501, 358, 342, 0]:3353
[571, 226, 203, 200, 0]:2652
[571, 500, 386, 57, 0]:3030
[571, 333, 85, 22, 0]:2280
[571, 492, 241, 58, 0]:2465
[571, 409, 249, 248, 0]:2771
[571, 333, 148, 90, 0]:2311
[571, 200, 164, 109, 0]:2424
[571, 498, 227, 215, 0]:2635
[571, 443, 383, 250, 0]:2824
[571, 310, 171, 26, 0]:2311
[571, 528, 234, 121, 0]:2529
[571, 320, 47, 10, 0]:2280
[571, 410, 270, 203, 0]:2632
[571, 469, 244, 183, 0]:2863
[571, 127, 50, 2, 0]:2280
[571, 401, 135, 10, 0]:2280
[571, 259, 220, 178, 0]:2556
[571, 520, 255, 30, 0]:2913
[571, 211, 30, 16, 0]:2281
[571, 439, 122, 60, 0]:2280
[571, 189, 172, 14, 0]:2435
[571, 407, 380, 277, 0]:2951
[571, 240, 171, 57, 0]:2393
[571, 431, 221, 108, 0]:2390
[571, 530, 252, 139, 0]:2549
[571, 465, 436, 19, 0]:3792
[571, 396, 153, 3, 0]:2280
[571, 367, 76, 34, 0]:2280
[571, 234, 166, 61, 0]:2377
[571, 526, 398, 263, 0]:3132
[571, 518, 395, 145, 0]:3207
[571, 383, 279, 253, 0]:2794
[571, 100, 64, 22, 0]:2307
[571, 495, 466, 14, 0]:3877
[571, 525, 281, 50, 0]:2653
[571, 527, 245, 76, 0]:2561
[571, 198, 92, 41, 0]:2280
[571, 129, 120, 111, 0]:2171
[571, 455, 143, 42, 0]:2306
[571, 449, 448, 161, 0]:3337
[571, 438, 418, 261, 0]:3282
[571, 392, 265, 233, 0]:2732
[571, 496, 453, 150, 0]:3350
[571, 397, 95, 42, 0]:2280
[571, 416, 260, 117, 0]:2487
[571, 339, 256, 38, 0]:2476
[571, 518, 275, 273, 0]:2800
[571, 526, 213, 197, 0]:2627
[571, 244, 84, 13, 0]:2280
[571, 161, 127, 6, 0]:2373
[571, 368, 174, 98, 0]:2301
[571, 537, 211, 98, 0]:2530
[571, 518, 439, 159, 0]:3904
[571, 538, 349, 130, 0]:2917
[571, 499, 201, 108, 0]:2422
[571, 492, 118, 115, 0]:2429
[571, 495, 478, 221, 0]:3880
[571, 323, 286, 54, 0]:2566
[571, 318, 237, 96, 0]:2435
[571, 479, 413, 208, 0]:3310
[571, 370, 262, 67, 0]:2494
[571, 443, 246, 71, 0]:2445
[571, 477, 208, 192, 0]:2568
[571, 518, 362, 355, 0]:3353
[571, 293, 52, 12, 0]:2280
[571, 349, 249, 178, 0]:2489
[571, 472, 141, 54, 0]:2321
[571, 526, 315, 70, 0]:3054
[571, 529, 288, 275, 0]:2706
[571, 540, 376, 133, 0]:3488
[571, 540, 346, 197, 0]:2927
[571, 463, 438, 393, 0]:3909
[571, 385, 348, 263, 0]:2854
[571, 524, 349, 98, 0]:2829
[571, 525, 392, 113, 0]:3263
[571, 524, 207, 169, 0]:2569
[571, 409, 340, 157, 0]:2695
[571, 507, 410, 104, 0]:3268
[571, 430, 215, 27, 0]:2186
[571, 535, 309, 241, 0]:2802
[571, 501, 22, 18, 0]:2293
[571, 495, 490, 330, 0]:4281
[571, 341, 135, 52, 0]:2280
[571, 287, 186, 34, 0]:2365
[571, 497, 471, 256, 0]:3765
[571, 520, 503, 297, 0]:4309
[571, 264, 220, 201, 0]:2617
[571, 306, 132, 123, 0]:2393
[571, 165, 56, 34, 0]:2291
[571, 392, 272, 253, 0]:2773
[571, 426, 363, 207, 0]:2752
[571, 493, 489, 123, 0]:4056
[571, 521, 347, 124, 0]:3138
[571, 501, 493, 158, 0]:4138
[571, 542, 232, 117, 0]:3016
[571, 453, 395, 92, 0]:2875
[571, 256, 90, 70, 0]:2329
[571, 344, 334, 177, 0]:2708
[571, 490, 321, 307, 0]:3221
[571, 447, 50, 44, 0]:2317
[571, 513, 493, 301, 0]:4694
[571, 544, 285, 133, 0]:2713
[571, 172, 10, 3, 0]:2280
[571, 373, 326, 291, 0]:2885
[571, 502, 311, 180, 0]:2688
[571, 334, 288, 14, 0]:2586
[571, 477, 468, 207, 0]:3679
[571, 455, 310, 30, 0]:2639
[571, 478, 244, 166, 0]:2526
[571, 461, 204, 7, 0]:2373
[571, 531, 438, 49, 0]:3876
[571, 546, 220, 49, 0]:3193
[571, 367, 351, 30, 0]:2802
[571, 491, 168, 22, 0]:2367
[571, 297, 217, 28, 0]:2417
[571, 374, 333, 236, 0]:2762
[571, 336, 183, 166, 0]:2445
[571, 271, 148, 114, 0]:2383
[571, 509, 468, 25, 0]:3755
[571, 213, 201, 28, 0]:2481
[571, 470, 279, 115, 0]:2544
[571, 524, 440, 301, 0]:3594
[571, 504, 466, 151, 0]:3810
[571, 526, 443, 8, 0]:4242
[571, 480, 389, 4, 0]:2190
[571, 366, 142, 29, 0]:2280
[571, 538, 328, 303, 0]:3074
[571, 253, 94, 79, 0]:2343
[571, 533, 365, 297, 0]:3662
[571, 312, 199, 45, 0]:2365
[571, 236, 94, 93, 0]:2371
[571, 478, 288, 166, 0]:2614
[571, 333, 322, 53, 0]:2734
[571, 406, 172, 97, 0]:2307
[571, 445, 375, 36, 0]:2827
[571, 491, 472, 78, 0]:3671
[571, 366, 233, 178, 0]:2484
[571, 258, 241, 118, 0]:2503
[571, 496, 213, 16, 0]:2464
[571, 493, 448, 445, 0]:4500
[571, 486, 467, 299, 0]:3750
[571, 546, 309, 54, 0]:2793
[571, 471, 77, 4, 0]:2280
[571, 512, 510, 217, 0]:4754
[571, 545, 247, 192, 0]:2640
[571, 297, 220, 186, 0]:2539
[571, 110, 97, 15, 0]:2364
[571, 230, 70, 29, 0]:2280
[571, 160, 93, 22, 0]:2305
[571, 186, 137, 65, 0]:2367
[571, 161, 40, 27, 0]:2293
[571, 171, 111, 18, 0]:2331
[571, 140, 98, 36, 0]:2335
[571, 113, 86, 58, 0]:2340
[571, 217, 193, 160, 0]:2550
[571, 230, 168, 53, 0]:2447
[571, 281, 209, 94, 0]:2416
[571, 194, 161, 10, 0]:2408
[571, 295, 45, 22, 0]:2280
[571, 249, 213, 168, 0]:2542
[571, 353, 47, 18, 0]:2280
[571, 324, 90, 61, 0]:2311
[571, 294, 240, 51, 0]:2466
[571, 289, 166, 13, 0]:2323
[571, 288, 201, 136, 0]:2415
[571, 338, 209, 159, 0]:2438
[571, 346, 201, 25, 0]:2336
[571, 337, 248, 12, 0]:2452
[571, 363, 239, 158, 0]:2467
[571, 334, 196, 4, 0]:2338
[571, 303, 285, 214, 0]:2702
[571, 170, 98, 84, 0]:2363
[571, 346, 273, 252, 0]:2775
[571, 347, 150, 62, 0]:2280
[571, 381, 226, 86, 0]:2385
[571, 184, 122, 59, 0]:2339
[571, 385, 146, 41, 0]:2280
[571, 360, 267, 9, 0]:2518
[571, 285, 281, 58, 0]:2557
[571, 406, 278, 20, 0]:2559
[571, 337, 278, 170, 0]:2548
[571, 248, 216, 145, 0]:2504
[571, 404, 168, 5, 0]:2280
[571, 365, 166, 98, 0]:2309
[571, 337, 190, 70, 0]:2322
[571, 378, 194, 193, 0]:2111
[571, 182, 161, 120, 0]:2476
[571, 338, 48, 13, 0]:2280
[571, 408, 173, 160, 0]:2435
[571, 391, 220, 142, 0]:2430
[571, 342, 73, 2, 0]:2280
[571, 390, 285, 246, 0]:2805
[571, 382, 117, 48, 0]:2280
[571, 334, 114, 29, 0]:2280
[571, 457, 220, 3, 0]:2385
[571, 384, 281, 104, 0]:2551
[571, 310, 171, 37, 0]:2311
[571, 446, 124, 45, 0]:2280
[571, 430, 109, 87, 0]:2344
[571, 431, 136, 54, 0]:2280
[571, 382, 261, 207, 0]:2694
[571, 406, 93, 51, 0]:2288
[571, 172, 170, 33, 0]:2448
[571, 368, 326, 121, 0]:2647
[571, 383, 162, 10, 0]:2280
[571, 427, 306, 195, 0]:2681
[571, 365, 186, 139, 0]:2377
[571, 412, 210, 107, 0]:2340
[571, 434, 220, 101, 0]:2367
[571, 321, 305, 146, 0]:2606
[571, 463, 193, 22, 0]:2364
[571, 396, 310, 281, 0]:2909
[571, 362, 285, 217, 0]:2776
[571, 412, 247, 106, 0]:2448
[571, 337, 274, 211, 0]:2319
[571, 432, 319, 250, 0]:2827
[571, 416, 274, 171, 0]:2594
[571, 276, 194, 79, 0]:2391
[571, 460, 125, 63, 0]:2293
[571, 416, 327, 298, 0]:2942
[571, 421, 370, 76, 0]:2766
[571, 429, 298, 264, 0]:2818
[571, 408, 293, 92, 0]:2586
[571, 413, 312, 287, 0]:2916
[571, 423, 220, 193, 0]:2532
[571, 406, 384, 81, 0]:2846
[571, 378, 337, 301, 0]:2911
[571, 346, 178, 133, 0]:2376
[571, 462, 80, 70, 0]:2339
[571, 421, 398, 243, 0]:3032
[571, 414, 395, 127, 0]:2935
[571, 353, 147, 58, 0]:2280
[571, 438, 296, 11, 0]:2597
[571, 415, 373, 100, 0]:2784
[571, 425, 385, 71, 0]:2844
[571, 474, 312, 145, 0]:2643
[571, 408, 237, 75, 0]:2418
[571, 467, 126, 88, 0]:2350
[571, 402, 399, 240, 0]:3122
[571, 459, 69, 48, 0]:2306
[571, 429, 360, 231, 0]:2777
[571, 359, 233, 228, 0]:2631
[571, 456, 58, 20, 0]:2280
[571, 377, 205, 153, 0]:2422
[571, 431, 385, 81, 0]:2840
[571, 446, 357, 92, 0]:2755
[571, 457, 322, 21, 0]:2972
[571, 325, 314, 50, 0]:2697
[571, 496, 233, 89, 0]:2437
[571, 378, 167, 41, 0]:2280
[571, 475, 394, 187, 0]:3224
[571, 262, 69, 19, 0]:2280
[571, 453, 440, 157, 0]:3442
[571, 358, 248, 113, 0]:2451
[571, 388, 286, 237, 0]:2799
[571, 456, 386, 287, 0]:3047
[571, 441, 407, 196, 0]:3051
[571, 469, 330, 232, 0]:2738
[571, 474, 359, 248, 0]:2868
[571, 478, 361, 259, 0]:2895
[571, 469, 364, 219, 0]:2904
[571, 310, 213, 44, 0]:2396
[571, 487, 61, 52, 0]:2322
[571, 420, 157, 26, 0]:2285
[571, 294, 268, 23, 0]:2522
[571, 493, 253, 190, 0]:2592
[571, 461, 420, 263, 0]:3312
[571, 470, 332, 181, 0]:2703
[571, 498, 111, 84, 0]:2373
[571, 308, 266, 217, 0]:2632
[571, 422, 311, 15, 0]:2634
[571, 489, 302, 200, 0]:2698
[571, 413, 232, 197, 0]:2549
[571, 443, 137, 72, 0]:2294
[571, 409, 239, 38, 0]:2424
[571, 492, 280, 73, 0]:2547
[571, 446, 374, 165, 0]:2785
[571, 417, 174, 10, 0]:2308
[571, 449, 325, 194, 0]:2682
[571, 82, 42, 29, 0]:2296
[571, 500, 266, 163, 0]:2809
[571, 467, 410, 366, 0]:3557
[571, 259, 254, 24, 0]:2529
[571, 448, 426, 117, 0]:3216
[571, 499, 289, 66, 0]:3013
[571, 380, 336, 101, 0]:2233
[571, 283, 210, 98, 0]:2416
[571, 438, 367, 178, 0]:2776
[571, 391, 148, 138, 0]:2407
[571, 387, 238, 151, 0]:2485
[571, 446, 426, 347, 0]:3492
[571, 506, 364, 185, 0]:2888
[571, 335, 176, 154, 0]:2427
[571, 405, 390, 85, 0]:2901
[571, 461, 404, 309, 0]:3227
[571, 349, 297, 216, 0]:2711
[571, 507, 328, 201, 0]:2763
[571, 265, 104, 80, 0]:2335
[571, 221, 194, 178, 0]:2591
[571, 475, 429, 302, 0]:3416
[571, 226, 105, 16, 0]:2392
[571, 499, 375, 134, 0]:3037
[571, 475, 418, 165, 0]:3182
[571, 357, 60, 34, 0]:2287
[571, 455, 452, 241, 0]:3533
[571, 457, 341, 239, 0]:2756
[571, 256, 252, 90, 0]:2528
[571, 85, 28, 12, 0]:2280
[571, 269, 88, 60, 0]:2311
[571, 217, 156, 23, 0]:2375
[571, 215, 198, 157, 0]:2558
[571, 278, 93, 20, 0]:2280
[571, 220, 163, 61, 0]:2385
[571, 266, 75, 67, 0]:2338
[571, 265, 180, 136, 0]:2421
[571, 246, 223, 75, 0]:2480
[571, 347, 186, 1, 0]:2305
[571, 372, 45, 6, 0]:2280
[571, 306, 211, 100, 0]:2395
[571, 368, 90, 34, 0]:2280
[571, 351, 134, 73, 0]:2291
[571, 338, 205, 21, 0]:2352
[571, 377, 68, 43, 0]:2297
[571, 352, 248, 5, 0]:2457
[571, 357, 196, 65, 0]:2314
[571, 377, 126, 95, 0]:2343
[571, 158, 114, 43, 0]:2349
[571, 360, 225, 213, 0]:2592
[571, 321, 288, 63, 0]:2572
[571, 356, 282, 239, 0]:2789
[571, 325, 273, 70, 0]:2527
[571, 210, 106, 99, 0]:2372
[571, 400, 241, 225, 0]:2646
[571, 380, 290, 21, 0]:2599
[571, 332, 287, 262, 0]:2819
[571, 332, 319, 161, 0]:2651
[571, 228, 153, 97, 0]:2376
[571, 330, 325, 215, 0]:2776
[571, 251, 207, 202, 0]:2633
[571, 418, 294, 209, 0]:2296
[571, 302, 192, 185, 0]:2531
[571, 397, 291, 194, 0]:2676
[571, 303, 237, 162, 0]:2470
[571, 442, 204, 87, 0]:2354
[571, 347, 192, 178, 0]:2465
[571, 355, 262, 243, 0]:2733
[571, 452, 237, 143, 0]:2466
[571, 460, 29, 2, 0]:2280
[571, 438, 99, 4, 0]:2280
[571, 397, 348, 302, 0]:2712
[571, 406, 200, 27, 0]:2314
[571, 410, 359, 84, 0]:2747
[571, 374, 163, 48, 0]:2280
[571, 449, 114, 17, 0]:2280
[571, 396, 305, 296, 0]:2872
[571, 437, 302, 220, 0]:2668
[571, 414, 356, 251, 0]:2837
[571, 262, 227, 158, 0]:2524
[571, 433, 315, 96, 0]:2653
[571, 485, 317, 190, 0]:2678
[571, 455, 180, 25, 0]:2343
[571, 254, 244, 71, 0]:2514
[571, 385, 358, 144, 0]:2894
[571, 98, 60, 56, 0]:2348
[571, 464, 261, 161, 0]:2550
[571, 358, 185, 132, 0]:2369
[571, 441, 302, 203, 0]:2653
[571, 354, 329, 284, 0]:2887
[571, 250, 142, 64, 0]:2313
[571, 422, 361, 33, 0]:2786
[571, 400, 354, 133, 0]:2836
[571, 368, 184, 81, 0]:2116
[571, 441, 403, 194, 0]:3005
[571, 228, 164, 73, 0]:2379
[571, 183, 79, 6, 0]:2280
[571, 489, 261, 252, 0]:3170
[571, 479, 298, 83, 0]:2601
[571, 268, 175, 109, 0]:2388
[571, 395, 266, 60, 0]:2505
[571, 491, 302, 112, 0]:2613
[571, 476, 237, 92, 0]:2421
[571, 472, 333, 206, 0]:2718
[571, 385, 259, 58, 0]:2485
[571, 482, 332, 153, 0]:2706
[571, 394, 222, 181, 0]:2514
[571, 285, 280, 59, 0]:2555
[571, 219, 170, 155, 0]:2524
[571, 492, 312, 105, 0]:2643
[571, 396, 235, 130, 0]:2436
[571, 476, 374, 33, 0]:3111
[571, 479, 331, 246, 0]:2770
[571, 489, 359, 167, 0]:2864
[571, 459, 406, 276, 0]:3155
[571, 323, 269, 33, 0]:2543
[571, 482, 336, 23, 0]:2761
[571, 493, 264, 154, 0]:2542
[571, 234, 163, 63, 0]:2371
[571, 402, 250, 11, 0]:2464
[571, 211, 153, 130, 0]:2457
[571, 485, 350, 76, 0]:2794
[571, 238, 179, 173, 0]:2559
[571, 485, 267, 214, 0]:2668
[571, 453, 133, 34, 0]:2640
[571, 417, 288, 216, 0]:2724
[571, 308, 297, 80, 0]:2599
[571, 293, 244, 108, 0]:2474
[571, 513, 388, 174, 0]:3193
[571, 499, 256, 81, 0]:2493
[571, 486, 188, 137, 0]:2467
[571, 488, 353, 25, 0]:2946
[571, 406, 255, 119, 0]:2472
[571, 434, 264, 169, 0]:2572
[571, 178, 144, 20, 0]:2390
[571, 461, 12, 4, 0]:2283
[571, 501, 346, 150, 0]:2804
[571, 198, 171, 153, 0]:2539
[571, 200, 196, 54, 0]:2472
[571, 495, 361, 77, 0]:2848
[571, 268, 203, 77, 0]:2417
[571, 473, 444, 245, 0]:3386
[571, 130, 88, 15, 0]:2326
[571, 541, 179, 60, 0]:2370
[571, 276, 142, 99, 0]:2342
[571, 489, 274, 256, 0]:2707
[571, 190, 89, 21, 0]:2280
[571, 368, 357, 148, 0]:2889
[571, 458, 422, 153, 0]:3169
[571, 229, 127, 54, 0]:2304
[571, 509, 324, 139, 0]:2694
[571, 506, 107, 15, 0]:2321
[571, 335, 330, 175, 0]:2706
[571, 487, 310, 96, 0]:2637
[571, 330, 265, 27, 0]:2503
[571, 442, 423, 155, 0]:3212
[571, 532, 316, 117, 0]:2886
[571, 296, 66, 20, 0]:2280
[571, 450, 341, 169, 0]:2730
[571, 322, 81, 24, 0]:2280
[571, 333, 212, 200, 0]:2545
[571, 433, 351, 2, 0]:2760
[571, 468, 365, 67, 0]:2178
[571, 371, 214, 207, 0]:2534
[571, 182, 145, 54, 0]:2425
[571, 466, 423, 236, 0]:3337
[571, 497, 218, 90, 0]:2423
[571, 498, 362, 161, 0]:2888
[571, 468, 445, 143, 0]:3260
[571, 252, 220, 177, 0]:2568
[571, 402, 387, 136, 0]:2913
[571, 516, 272, 53, 0]:2605
[571, 378, 206, 149, 0]:2416
[571, 233, 204, 26, 0]:2455
[571, 421, 175, 78, 0]:2304
[571, 224, 195, 118, 0]:2456
[571, 454, 286, 171, 0]:2618
[571, 418, 229, 130, 0]:2424
[571, 484, 385, 201, 0]:3066
[571, 481, 430, 312, 0]:3452
[571, 63, 48, 9, 0]:2313
[571, 411, 349, 193, 0]:2692
[571, 393, 379, 319, 0]:3012
[571, 465, 410, 341, 0]:3414
[571, 517, 311, 174, 0]:2704
[571, 482, 213, 211, 0]:3092
[571, 384, 358, 355, 0]:3178
[571, 486, 460, 299, 0]:3663
[571, 470, 363, 322, 0]:3151
[571, 382, 305, 213, 0]:2686
[571, 459, 433, 365, 0]:3665
[571, 517, 370, 301, 0]:3333
[571, 468, 390, 387, 0]:3722
[571, 492, 409, 317, 0]:3328
[571, 504, 411, 297, 0]:3306
[571, 320, 166, 122, 0]:2368
[571, 489, 458, 295, 0]:3682
[571, 506, 303, 241, 0]:2757
[571, 486, 235, 152, 0]:2497
[571, 277, 148, 142, 0]:2427
[571, 498, 371, 32, 0]:2962
[571, 298, 252, 211, 0]:2613
[571, 468, 381, 222, 0]:3269
[571, 316, 144, 105, 0]:2345
[571, 432, 349, 200, 0]:2708
[571, 213, 117, 112, 0]:2401
[571, 435, 346, 295, 0]:2964
[571, 156, 133, 118, 0]:2476
[571, 326, 324, 323, 0]:3043
[571, 487, 472, 313, 0]:4032
[571, 238, 174, 68, 0]:2389
[571, 499, 242, 116, 0]:2449
[571, 507, 313, 265, 0]:2808
[571, 395, 198, 14, 0]:2301
[571, 212, 189, 11, 0]:2446
[571, 521, 157, 86, 0]:3000
[571, 459, 304, 117, 0]:2580
[571, 525, 214, 44, 0]:2525
[571, 432, 397, 375, 0]:3400
[571, 296, 102, 67, 0]:2311
[571, 180, 70, 26, 0]:2280
[571, 529, 332, 102, 0]:2767
[571, 241, 194, 140, 0]:2464
[571, 499, 460, 241, 0]:3699
[571, 523, 98, 54, 0]:2338
[571, 507, 350, 208, 0]:2849
[571, 529, 234, 27, 0]:2594
[571, 321, 282, 1, 0]:2555
[571, 483, 406, 114, 0]:3158
[571, 483, 480, 253, 0]:3803
[571, 220, 29, 17, 0]:2284
[571, 423, 392, 266, 0]:3037
[571, 509, 292, 119, 0]:2996
[571, 223, 165, 140, 0]:2475
[571, 527, 155, 82, 0]:2398
[571, 465, 175, 124, 0]:2420
[571, 513, 332, 82, 0]:2739
[571, 269, 144, 109, 0]:2371
[571, 521, 378, 332, 0]:3185
[571, 508, 254, 191, 0]:1964
[571, 173, 170, 94, 0]:2460
[571, 518, 249, 238, 0]:2701
[571, 531, 306, 52, 0]:2720
[571, 458, 195, 43, 0]:2361
[571, 493, 358, 268, 0]:2901
[571, 321, 202, 38, 0]:2363
[571, 490, 331, 252, 0]:2791
[571, 434, 339, 44, 0]:2725
[571, 412, 405, 350, 0]:3312
[571, 416, 359, 117, 0]:2767
[571, 383, 201, 64, 0]:2310
[571, 515, 241, 168, 0]:2688
[571, 374, 109, 96, 0]:2362
[571, 532, 182, 50, 0]:2476
[571, 282, 272, 119, 0]:2542
[571, 512, 266, 18, 0]:2617
[571, 398, 356, 331, 0]:3033
[571, 431, 273, 16, 0]:2527
[571, 361, 279, 234, 0]:2775
[571, 516, 381, 322, 0]:3222
[571, 409, 273, 130, 0]:2526
[571, 255, 107, 62, 0]:2296
[571, 471, 197, 16, 0]:2376
[571, 533, 126, 8, 0]:2409
[571, 449, 398, 4, 0]:3064
[571, 522, 381, 348, 0]:3315
[571, 466, 392, 135, 0]:3067
[571, 348, 289, 101, 0]:2575
[571, 476, 201, 83, 0]:2385
[571, 534, 281, 79, 0]:2655
[571, 495, 382, 247, 0]:3051
[571, 407, 340, 50, 0]:2727
[571, 197, 182, 6, 0]:2447
[571, 430, 373, 121, 0]:2766
[571, 248, 240, 2, 0]:2512
[571, 184, 73, 36, 0]:2280
[571, 490, 200, 3, 0]:2433
[571, 252, 229, 52, 0]:2486
[571, 502, 475, 259, 0]:3941
[571, 530, 185, 175, 0]:2587
[571, 349, 322, 289, 0]:2889
[571, 355, 68, 9, 0]:2280
[571, 522, 373, 166, 0]:2992
[571, 462, 450, 325, 0]:3496
[571, 490, 342, 263, 0]:2835
[571, 98, 38, 21, 0]:2283
[571, 102, 11, 7, 0]:2282
[571, 280, 162, 71, 0]:2323
[571, 61, 44, 5, 0]:2307
[571, 192, 110, 28, 0]:2198
[571, 134, 88, 20, 0]:2322
[571, 276, 138, 118, 0]:2162
[571, 215, 130, 87, 0]:2366
[571, 255, 247, 146, 0]:2554
[571, 175, 45, 26, 0]:2286
[571, 230, 197, 93, 0]:2443
[571, 268, 77, 23, 0]:2280
[571, 304, 113, 111, 0]:2388
[571, 281, 247, 78, 0]:2493
[571, 270, 109, 2, 0]:2280
[571, 241, 223, 46, 0]:2485
[571, 240, 128, 22, 0]:2295
[571, 282, 217, 135, 0]:2431
[571, 158, 115, 110, 0]:2450
[571, 301, 265, 90, 0]:2509
[571, 346, 185, 164, 0]:2443
[571, 351, 29, 22, 0]:2294
[571, 242, 117, 10, 0]:2280
[571, 318, 279, 204, 0]:2643
[571, 311, 186, 91, 0]:2340
[571, 154, 91, 88, 0]:2388
[571, 383, 182, 172, 0]:2441
[571, 337, 240, 153, 0]:2437
[571, 255, 62, 16, 0]:2280
[571, 382, 21, 16, 0]:2290
[571, 366, 253, 74, 0]:2466
[571, 414, 189, 63, 0]:2373
[571, 326, 308, 133, 0]:2614
[571, 373, 234, 199, 0]:2605
[571, 326, 283, 35, 0]:2557
[571, 368, 134, 91, 0]:2327
[571, 392, 317, 171, 0]:2613
[571, 358, 311, 257, 0]:2788
[571, 452, 205, 93, 0]:2365
[571, 266, 216, 29, 0]:2446
[571, 311, 125, 36, 0]:2280
[571, 459, 134, 43, 0]:2301
[571, 382, 203, 78, 0]:2316
[571, 430, 174, 36, 0]:2312
[571, 457, 173, 146, 0]:2456
[571, 471, 191, 94, 0]:2370
[571, 414, 286, 135, 0]:2572
[571, 402, 104, 19, 0]:2280
[571, 382, 355, 294, 0]:2918
[571, 437, 334, 161, 0]:2709
[571, 460, 244, 165, 0]:2524
[571, 266, 100, 35, 0]:2280
[571, 397, 316, 115, 0]:2627
[571, 400, 173, 147, 0]:2401
[571, 390, 178, 151, 0]:2403
[571, 429, 378, 154, 0]:2811
[571, 333, 217, 46, 0]:2381
[571, 414, 369, 310, 0]:3003
[571, 357, 344, 46, 0]:2777
[571, 358, 356, 347, 0]:3151
[571, 473, 318, 202, 0]:2700
[571, 466, 315, 2, 0]:2746
[571, 338, 331, 254, 0]:2863
[571, 82, 51, 10, 0]:2330
[571, 432, 377, 239, 0]:2786
[571, 326, 281, 112, 0]:2551
[571, 474, 281, 271, 0]:2800
[571, 425, 404, 331, 0]:2798
[571, 275, 101, 42, 0]:2280
[571, 496, 75, 2, 0]:1859
[571, 484, 205, 57, 0]:2397
[571, 412, 284, 117, 0]:2559
[571, 356, 237, 49, 0]:2419
[571, 449, 339, 320, 0]:3022
[571, 453, 160, 39, 0]:2321
[571, 418, 408, 313, 0]:3240
[571, 481, 348, 232, 0]:2916
[571, 468, 81, 27, 0]:2306
[571, 402, 357, 355, 0]:3161
[571, 393, 190, 11, 0]:2291
[571, 399, 386, 83, 0]:2869
[571, 377, 176, 87, 0]:2280
[571, 490, 319, 61, 0]:2666
[571, 396, 153, 19, 0]:2280
[571, 413, 332, 112, 0]:2700
[571, 251, 82, 71, 0]:2339
[571, 434, 425, 124, 0]:3172
[571, 372, 245, 76, 0]:2442
[571, 485, 345, 203, 0]:2774
[571, 400, 198, 157, 0]:2421
[571, 472, 337, 313, 0]:2961
[571, 482, 156, 91, 0]:2371
[571, 506, 191, 15, 0]:2451
[571, 475, 125, 98, 0]:2378
[571, 233, 208, 176, 0]:2580
[571, 366, 332, 194, 0]:2690
[571, 260, 227, 13, 0]:2474
[571, 301, 243, 80, 0]:2465
[571, 305, 119, 16, 0]:2280
[571, 396, 266, 214, 0]:2704
[571, 402, 114, 10, 0]:2280
[571, 399, 355, 10, 0]:2759
[571, 469, 398, 300, 0]:3174
[571, 457, 418, 313, 0]:3383
[571, 473, 262, 126, 0]:2493
[571, 499, 378, 261, 0]:2997
[571, 507, 253, 188, 0]:3091
[571, 306, 202, 99, 0]:2377
[571, 500, 317, 42, 0]:2660
[571, 491, 78, 52, 0]:2330
[571, 389, 337, 254, 0]:2805
[571, 429, 389, 224, 0]:2919
[571, 508, 110, 2, 0]:2334
[571, 504, 334, 75, 0]:2740
[571, 489, 352, 304, 0]:2972
[571, 513, 218, 65, 0]:2475
[571, 453, 256, 226, 0]:2564
[571, 380, 187, 174, 0]:2440
[571, 467, 430, 114, 0]:3224
[571, 497, 391, 135, 0]:3156
[571, 358, 119, 83, 0]:2326
[571, 483, 433, 285, 0]:3427
[571, 309, 266, 251, 0]:2725
[571, 477, 436, 292, 0]:3456
[571, 481, 380, 309, 0]:3143
[571, 198, 122, 2, 0]:2326
[571, 361, 182, 135, 0]:2369
[571, 513, 106, 43, 0]:2327
[571, 400, 376, 369, 0]:3260
[571, 446, 403, 324, 0]:3364
[571, 322, 183, 77, 0]:2323
[571, 477, 316, 93, 0]:2655
[571, 514, 241, 120, 0]:2474
[571, 495, 393, 61, 0]:3138
[571, 464, 424, 401, 0]:3865
[571, 500, 123, 94, 0]:2395
[571, 202, 162, 2, 0]:2402
[571, 420, 362, 25, 0]:2789
[571, 420, 158, 1, 0]:2286
[571, 296, 248, 94, 0]:2480
[571, 433, 407, 398, 0]:3684
[571, 363, 342, 322, 0]:3013
[571, 502, 190, 75, 0]:2400
[571, 350, 52, 5, 0]:2280
[571, 468, 466, 293, 0]:3545
[571, 521, 150, 10, 0]:2610
[571, 275, 226, 219, 0]:2660
[571, 453, 134, 124, 0]:2408
[571, 472, 165, 31, 0]:2345
[571, 429, 420, 72, 0]:3204
[571, 451, 240, 29, 0]:2335
[571, 497, 416, 58, 0]:3420
[571, 522, 373, 175, 0]:2722
[571, 406, 219, 143, 0]:2677
[571, 422, 367, 117, 0]:2762
[571, 78, 57, 21, 0]:1898
[571, 210, 197, 32, 0]:2464
[571, 274, 181, 28, 0]:2368
[571, 520, 293, 83, 0]:2629
[571, 401, 247, 162, 0]:2524
[571, 272, 221, 7, 0]:2450
[571, 312, 141, 93, 0]:2324
[571, 80, 45, 43, 0]:2327
[571, 381, 94, 37, 0]:2280
[571, 503, 382, 42, 0]:3357
[571, 426, 297, 265, 0]:2830
[571, 438, 394, 383, 0]:3501
[571, 176, 167, 18, 0]:2316
[571, 313, 236, 114, 0]:2438
[571, 469, 286, 19, 0]:2567
[571, 95, 92, 81, 0]:2434
[571, 434, 155, 106, 0]:2353
[571, 483, 368, 106, 0]:2910
[571, 433, 248, 201, 0]:2634
[571, 481, 444, 239, 0]:3408
[571, 297, 242, 136, 0]:2466
[571, 328, 70, 39, 0]:2287
[571, 362, 279, 52, 0]:2545
[571, 490, 195, 76, 0]:2393
[571, 353, 316, 243, 0]:2751
[571, 340, 205, 15, 0]:2350
[571, 306, 175, 80, 0]:2323
[571, 511, 429, 216, 0]:3417
[571, 495, 421, 70, 0]:3629
[571, 513, 375, 88, 0]:3002
[571, 522, 311, 194, 0]:2735
[571, 524, 321, 100, 0]:2709
[571, 472, 60, 26, 0]:2280
[571, 521, 174, 163, 0]:2554
[571, 473, 423, 115, 0]:3146
[571, 373, 248, 182, 0]:2576
[571, 465, 350, 194, 0]:2792
[571, 323, 322, 162, 0]:2672
[571, 495, 465, 286, 0]:3748
[571, 509, 426, 184, 0]:3400
[571, 528, 244, 109, 0]:2551
[571, 453, 253, 90, 0]:2466
[571, 366, 236, 194, 0]:2562
[571, 281, 212, 195, 0]:2582
[571, 492, 147, 18, 0]:2697
[571, 451, 140, 66, 0]:2299
[571, 466, 461, 113, 0]:3606
[571, 350, 236, 183, 0]:2491
[571, 170, 78, 40, 0]:2281
[571, 474, 462, 25, 0]:3572
[571, 432, 389, 367, 0]:3255
[571, 241, 156, 54, 0]:2350
[571, 521, 366, 68, 0]:2942
[571, 489, 460, 85, 0]:3495
[571, 344, 306, 293, 0]:2865
[571, 388, 213, 51, 0]:2346
[571, 505, 400, 331, 0]:3304
[571, 416, 398, 111, 0]:2949
[571, 518, 186, 95, 0]:2415
[571, 532, 201, 115, 0]:2483
[571, 479, 280, 126, 0]:2547
[571, 493, 473, 291, 0]:3813
[571, 148, 26, 21, 0]:2295
[571, 505, 475, 186, 0]:4515
[571, 210, 141, 15, 0]:2352
[571, 400, 213, 1, 0]:2347
[571, 423, 192, 66, 0]:2323
[571, 502, 214, 139, 0]:2487
[571, 455, 120, 46, 0]:2283
[571, 506, 271, 144, 0]:2536
[571, 388, 348, 141, 0]:2787
[571, 482, 185, 153, 0]:2495
[571, 495, 326, 194, 0]:2726
[571, 183, 48, 33, 0]:2297
[571, 494, 361, 36, 0]:2859
[571, 451, 320, 105, 0]:2667
[571, 508, 355, 13, 0]:3013
[571, 325, 282, 198, 0]:2628
[571, 306, 160, 95, 0]:2322
[571, 521, 179, 172, 0]:2572
[571, 532, 211, 57, 0]:2527
[571, 93, 88, 36, 0]:2363
[571, 509, 222, 32, 0]:2505
[571, 493, 280, 168, 0]:2602
[571, 524, 445, 168, 0]:3953
[571, 367, 206, 192, 0]:2488
[571, 359, 314, 129, 0]:2604
[571, 554, 206, 34, 0]:2384
[571, 505, 438, 7, 0]:3758
[571, 484, 99, 18, 0]:2291
[571, 516, 62, 44, 0]:2311
[571, 370, 218, 32, 0]:2362
[571, 507, 320, 233, 0]:2959
[571, 511, 149, 122, 0]:2623
[571, 138, 105, 82, 0]:2386
[571, 471, 62, 29, 0]:2280
[571, 159, 94, 37, 0]:2308
[571, 452, 224, 46, 0]:2384
[571, 489, 399, 370, 0]:3677
[571, 534, 336, 39, 0]:2839
[571, 505, 294, 98, 0]:2605
[571, 404, 118, 18, 0]:2280
[571, 327, 181, 44, 0]:2314
[571, 462, 291, 258, 0]:2771
[571, 518, 473, 288, 0]:3998
[571, 525, 439, 186, 0]:3636
[571, 510, 291, 115, 0]:2633
[571, 463, 444, 374, 0]:3807
[571, 506, 456, 307, 0]:4016
[571, 445, 309, 202, 0]:2663
[571, 381, 266, 254, 0]:2669
[571, 341, 268, 176, 0]:2521
[571, 305, 265, 126, 0]:2504
[571, 286, 162, 24, 0]:2317
[571, 256, 110, 33, 0]:2280
[571, 357, 322, 274, 0]:2850
[571, 464, 356, 253, 0]:2849
[571, 287, 144, 94, 0]:2323
[571, 532, 425, 327, 0]:4448
[571, 536, 213, 154, 0]:2551
[571, 436, 201, 134, 0]:2478
[571, 492, 399, 286, 0]:3201
[571, 392, 350, 57, 0]:2757
[571, 453, 290, 170, 0]:2620
[571, 516, 180, 93, 0]:2876
[571, 397, 368, 3, 0]:2793
[571, 427, 243, 158, 0]:2490
[571, 505, 372, 129, 0]:2968
[571, 289, 99, 64, 0]:2308
[571, 355, 178, 153, 0]:2407
[571, 508, 151, 46, 0]:2780
[571, 549, 367, 176, 0]:3725
[571, 553, 246, 54, 0]:2823
[571, 336, 188, 53, 0]:2319
[571, 265, 224, 89, 0]:2463
[571, 382, 217, 88, 0]:2358
[571, 541, 288, 87, 0]:2704
[571, 391, 334, 87, 0]:2727
[571, 312, 150, 69, 0]:2280
[571, 230, 147, 134, 0]:2450
[571, 512, 462, 253, 0]:3873
[571, 535, 382, 115, 0]:3231
[571, 296, 155, 13, 0]:2293
[571, 490, 395, 380, 0]:3935
[571, 294, 173, 80, 0]:2331
[571, 462, 421, 411, 0]:4112
[571, 437, 436, 395, 0]:3712
[571, 376, 353, 20, 0]:2787
[571, 541, 158, 39, 0]:2466
[571, 398, 368, 61, 0]:2789
[571, 73, 64, 48, 0]:2356
[571, 316, 214, 37, 0]:2392
[571, 434, 365, 117, 0]:2739
[571, 527, 212, 193, 0]:2620
[571, 498, 195, 151, 0]:2507
[571, 354, 280, 197, 0]:2670
[571, 436, 219, 57, 0]:2364
[571, 220, 158, 54, 0]:2375
[571, 440, 264, 233, 0]:2669
[571, 370, 328, 247, 0]:2775
[571, 506, 467, 244, 0]:4059
[571, 417, 219, 100, 0]:2364
[571, 358, 127, 15, 0]:2280
[571, 411, 332, 289, 0]:2968
[571, 273, 120, 18, 0]:2280
[571, 508, 375, 226, 0]:2969
[571, 527, 379, 374, 0]:3675
[571, 231, 116, 34, 0]:2280
[571, 463, 245, 12, 0]:2444
[571, 226, 199, 127, 0]:2478
[571, 514, 345, 338, 0]:3093
[571, 478, 203, 90, 0]:2389
[571, 533, 197, 108, 0]:2977
[571, 449, 385, 168, 0]:2842
[571, 552, 253, 177, 0]:2884
[571, 545, 400, 203, 0]:3341
[571, 484, 470, 389, 0]:4182
[571, 207, 10, 3, 0]:2280
[571, 508, 495, 381, 0]:4687
[571, 528, 478, 241, 0]:4412
[571, 282, 183, 75, 0]:2363
[571, 337, 287, 26, 0]:2571
[571, 542, 320, 201, 0]:2818
[571, 434, 328, 89, 0]:2692
[571, 506, 488, 255, 0]:4167
[571, 424, 220, 165, 0]:2515
[571, 473, 259, 176, 0]:2576
[571, 115, 98, 65, 0]:2374
[571, 277, 132, 101, 0]:2349
[571, 156, 149, 49, 0]:2422
[571, 188, 146, 91, 0]:2383
[571, 126, 119, 32, 0]:2392
[571, 236, 149, 64, 0]:2341
[571, 280, 133, 7, 0]:2280
[571, 266, 51, 14, 0]:2280
[571, 258, 224, 193, 0]:2599
[571, 307, 177, 28, 0]:2326
[571, 303, 233, 50, 0]:2443
[571, 348, 98, 67, 0]:2315
[571, 345, 52, 17, 0]:2280
[571, 344, 223, 65, 0]:2381
[571, 323, 206, 16, 0]:2369
[571, 304, 62, 50, 0]:2317
[571, 294, 255, 207, 0]:2614
[571, 374, 78, 5, 0]:2280
[571, 326, 245, 18, 0]:2035
[571, 297, 177, 10, 0]:2337
[571, 319, 154, 25, 0]:2280
[571, 264, 134, 82, 0]:2312
[571, 357, 278, 122, 0]:2541
[571, 184, 137, 12, 0]:2370
[571, 276, 246, 45, 0]:2496
[571, 388, 36, 33, 0]:2309
[571, 387, 109, 100, 0]:2370
[571, 356, 122, 67, 0]:2291
[571, 398, 178, 123, 0]:2351
[571, 252, 189, 60, 0]:2406
[571, 394, 178, 76, 0]:2280
[571, 313, 290, 272, 0]:2814
[571, 314, 298, 251, 0]:2772
[571, 299, 222, 155, 0]:2444
[571, 407, 188, 33, 0]:2303
[571, 402, 196, 67, 0]:2306
[571, 398, 242, 153, 0]:2496
[571, 438, 266, 100, 0]:2413
[571, 393, 298, 114, 0]:2596
[571, 403, 189, 158, 0]:2426
[571, 334, 323, 56, 0]:2731
[571, 322, 319, 222, 0]:2782
[571, 312, 117, 105, 0]:2372
[571, 432, 232, 5, 0]:2404
[571, 417, 260, 259, 0]:2743
[571, 213, 116, 17, 0]:2298
[571, 345, 296, 290, 0]:2860
[571, 437, 142, 84, 0]:2312
[571, 378, 289, 154, 0]:2636
[571, 436, 221, 176, 0]:2500
[571, 447, 262, 6, 0]:2495
[571, 261, 244, 120, 0]:2506
[571, 368, 259, 201, 0]:2674
[571, 253, 111, 54, 0]:2280
[571, 422, 143, 40, 0]:2280
[571, 398, 338, 181, 0]:2661
[571, 449, 234, 187, 0]:2548
[571, 451, 6, 5, 0]:2283
[571, 432, 327, 126, 0]:2688
[571, 421, 107, 78, 0]:2328
[571, 329, 300, 88, 0]:2579
[571, 424, 332, 81, 0]:2691
[571, 421, 286, 180, 0]:2624
[571, 348, 231, 22, 0]:2401
[571, 449, 336, 124, 0]:2715
[571, 414, 350, 245, 0]:2837
[571, 287, 155, 154, 0]:2453
[571, 241, 140, 14, 0]:2319
[571, 462, 287, 23, 0]:2580
[571, 429, 304, 243, 0]:2773
[571, 393, 174, 129, 0]:2363
[571, 278, 269, 61, 0]:2540
[571, 426, 107, 71, 0]:2314
[571, 481, 154, 60, 0]:2343
[571, 365, 306, 175, 0]:2604
[571, 390, 387, 228, 0]:2962
[571, 299, 125, 22, 0]:2280
[571, 430, 357, 72, 0]:2711
[571, 457, 375, 152, 0]:2869
[571, 437, 402, 241, 0]:3002
[571, 460, 145, 129, 0]:2515
[571, 401, 378, 182, 0]:2917
[571, 473, 100, 36, 0]:2281
[571, 443, 409, 140, 0]:3017
[571, 449, 195, 100, 0]:2356
[571, 270, 185, 67, 0]:2379
[571, 360, 321, 244, 0]:2759
[571, 297, 273, 238, 0]:2706
[571, 454, 384, 281, 0]:3168
[571, 410, 340, 63, 0]:2716
[571, 470, 377, 109, 0]:3476
[571, 526, 177, 135, 0]:2595
[571, 456, 379, 22, 0]:2931
[571, 342, 179, 52, 0]:2295
[571, 464, 373, 281, 0]:2990
[571, 439, 281, 66, 0]:2550
[571, 489, 278, 239, 0]:2713
[571, 191, 189, 38, 0]:2467
[571, 359, 209, 54, 0]:2338
[571, 338, 321, 223, 0]:2760
[571, 224, 14, 3, 0]:2280
[571, 430, 401, 258, 0]:3073
[571, 435, 370, 349, 0]:3129
[571, 493, 261, 94, 0]:2490
[571, 374, 360, 235, 0]:2868
[571, 443, 310, 78, 0]:2638
[571, 302, 159, 152, 0]:2432
[571, 466, 414, 275, 0]:3259
[571, 294, 174, 99, 0]:2356
[571, 342, 204, 94, 0]:2345
[571, 423, 361, 40, 0]:2768
[571, 423, 374, 284, 0]:2998
[571, 469, 412, 271, 0]:3249
[571, 475, 405, 164, 0]:3115
[571, 301, 193, 100, 0]:2370
[571, 456, 370, 321, 0]:3173
[571, 463, 397, 262, 0]:3068
[571, 497, 144, 125, 0]:2454
[571, 384, 178, 11, 0]:2280
[571, 449, 291, 242, 0]:2723
[571, 411, 298, 97, 0]:2601
[571, 460, 394, 291, 0]:3078
[571, 493, 226, 190, 0]:2580
[571, 361, 338, 203, 0]:2742
[571, 477, 426, 163, 0]:3192
[571, 482, 128, 43, 0]:2318
[571, 449, 403, 324, 0]:3332
[571, 459, 397, 282, 0]:3069
[571, 487, 350, 87, 0]:2772
[571, 416, 285, 224, 0]:2711
[571, 398, 96, 71, 0]:2325
[571, 438, 252, 111, 0]:2463
[571, 493, 132, 68, 0]:2336
[571, 277, 146, 63, 0]:2294
[571, 489, 142, 104, 0]:2404
[571, 502, 310, 211, 0]:2730
[571, 469, 354, 330, 0]:3158
[571, 498, 370, 259, 0]:2969
[571, 455, 78, 56, 0]:2313
[571, 474, 230, 85, 0]:2412
[571, 462, 283, 3, 0]:2558
[571, 517, 193, 90, 0]:2979
[571, 460, 165, 103, 0]:2373
[571, 484, 129, 85, 0]:2361
[571, 160, 122, 32, 0]:2364
[571, 434, 287, 127, 0]:2979
[571, 466, 131, 20, 0]:2656
[571, 373, 290, 185, 0]:2700
[571, 465, 380, 238, 0]:3011
[571, 507, 198, 177, 0]:2568
[571, 485, 446, 213, 0]:3417
[571, 162, 93, 75, 0]:2354
[571, 498, 351, 4, 0]:2819
[571, 511, 375, 170, 0]:2977
[571, 458, 301, 117, 0]:2610
[571, 474, 322, 237, 0]:2425
[571, 483, 126, 42, 0]:2358
[571, 252, 181, 27, 0]:2390
[571, 470, 239, 196, 0]:2576
[571, 503, 393, 254, 0]:3177
[571, 406, 359, 6, 0]:2757
[571, 141, 88, 18, 0]:2314
[571, 412, 242, 174, 0]:2535
[571, 477, 357, 196, 0]:2848
[571, 290, 14, 4, 0]:2280
[571, 473, 309, 245, 0]:2750
[571, 272, 57, 26, 0]:2280
[571, 117, 50, 26, 0]:2281
[571, 476, 343, 326, 0]:3029
[571, 421, 342, 98, 0]:2718
[571, 468, 405, 183, 0]:3324
[571, 497, 264, 176, 0]:2644
[571, 89, 81, 16, 0]:2312
[571, 370, 92, 9, 0]:2280
[571, 317, 224, 25, 0]:2411
[571, 455, 286, 47, 0]:2566
[571, 445, 431, 14, 0]:2705
[571, 521, 186, 28, 0]:2473
[571, 446, 375, 310, 0]:3154
[571, 520, 360, 169, 0]:2839
[571, 498, 386, 121, 0]:3082
[571, 448, 362, 213, 0]:2782
[571, 362, 174, 10, 0]:2280
[571, 474, 79, 53, 0]:2306
[571, 426, 369, 172, 0]:2804
[571, 378, 356, 305, 0]:2924
[571, 501, 418, 79, 0]:3376
[571, 395, 147, 38, 0]:2280
[571, 513, 92, 47, 0]:2314
[571, 518, 221, 166, 0]:2557
[571, 514, 196, 49, 0]:2843
[571, 275, 269, 258, 0]:2782
[571, 406, 151, 78, 0]:2284
[571, 225, 192, 3, 0]:2439
[571, 491, 440, 34, 0]:3627
[571, 437, 217, 150, 0]:2444
[571, 352, 253, 10, 0]:2477
[571, 412, 116, 54, 0]:2280
[571, 526, 305, 81, 0]:2674
[571, 451, 316, 69, 0]:2656
[571, 484, 462, 89, 0]:3399
[571, 523, 65, 6, 0]:2296
[571, 383, 248, 210, 0]:2658
[571, 89, 31, 20, 0]:2288
[571, 454, 441, 260, 0]:2925
[571, 471, 329, 206, 0]:2713
[571, 500, 438, 259, 0]:3551
[571, 402, 351, 45, 0]:2753
[571, 521, 238, 164, 0]:2556
[571, 490, 372, 83, 0]:3185
[571, 417, 304, 249, 0]:2839
[571, 528, 325, 176, 0]:2675
[571, 502, 451, 169, 0]:3672
[571, 526, 192, 85, 0]:2442
[571, 246, 143, 68, 0]:2319
[571, 502, 300, 297, 0]:2894
[571, 271, 208, 10, 0]:2425
[571, 354, 223, 1, 0]:2378
[571, 471, 457, 1, 0]:3582
[571, 515, 366, 91, 0]:2908
[571, 516, 354, 255, 0]:2913
[571, 481, 426, 95, 0]:3298
[571, 499, 444, 362, 0]:3818
[571, 402, 287, 37, 0]:2584
[571, 393, 334, 194, 0]:2650
[571, 323, 303, 94, 0]:2617
[571, 467, 260, 117, 0]:2487
[571, 287, 210, 79, 0]:2412
[571, 370, 309, 280, 0]:2841
[571, 495, 370, 281, 0]:2988
[571, 439, 288, 250, 0]:2752
[571, 142, 122, 33, 0]:2382
[571, 530, 249, 157, 0]:2569
[571, 388, 329, 84, 0]:2714
[571, 528, 203, 89, 0]:2468
[571, 302, 263, 81, 0]:2504
[571, 444, 326, 307, 0]:2961
[571, 532, 314, 107, 0]:2728
[571, 312, 178, 17, 0]:2324
[571, 504, 395, 194, 0]:3245
[571, 533, 268, 44, 0]:2657
[571, 190, 87, 61, 0]:2314
[571, 491, 457, 143, 0]:3504
[571, 196, 60, 1, 0]:2280
[571, 346, 175, 61, 0]:2283
[571, 386, 379, 95, 0]:2840
[571, 339, 181, 174, 0]:2461
[571, 313, 220, 69, 0]:2406
[571, 473, 472, 411, 0]:4155
[571, 507, 360, 85, 0]:2848
[571, 528, 310, 173, 0]:2728
[571, 430, 403, 277, 0]:3171
[571, 519, 433, 263, 0]:3507
[571, 82, 62, 38, 0]:2321
[571, 431, 324, 1, 0]:2650
[571, 448, 329, 23, 0]:2696
[571, 203, 67, 2, 0]:2280
[571, 449, 283, 198, 0]:2637
[571, 505, 306, 91, 0]:2626
[571, 318, 215, 107, 0]:2391
[571, 483, 151, 46, 0]:2342
[571, 258, 63, 46, 0]:2308
[571, 285, 123, 48, 0]:2280
[571, 508, 454, 229, 0]:3800
[571, 323, 305, 294, 0]:2875
[571, 402, 375, 160, 0]:2899
[571, 440, 321, 214, 0]:2846
[571, 481, 408, 386, 0]:3912
[571, 512, 374, 351, 0]:3414
[571, 386, 277, 209, 0]:2744
[571, 349, 322, 264, 0]:2824
[571, 361, 346, 283, 0]:2934
[571, 484, 433, 430, 0]:4227
[571, 427, 305, 102, 0]:2622
[571, 536, 281, 135, 0]:2665
[571, 308, 259, 30, 0]:2490
[571, 395, 362, 109, 0]:2811
[571, 429, 423, 343, 0]:3451
[571, 237, 234, 162, 0]:2596
[571, 447, 385, 256, 0]:2795
[571, 482, 441, 194, 0]:3346
[571, 490, 436, 399, 0]:4165
[571, 514, 235, 223, 0]:2667
[571, 462, 355, 110, 0]:2824
[571, 400, 376, 157, 0]:2818
[571, 513, 463, 264, 0]:3944
[571, 191, 86, 73, 0]:2339
[571, 288, 148, 49, 0]:2287
[571, 412, 383, 93, 0]:2833
[571, 532, 165, 106, 0]:2451
[571, 466, 416, 213, 0]:3231
[571, 512, 390, 383, 0]:3664
[571, 402, 387, 255, 0]:2971
[571, 169, 89, 2, 0]:2289
[571, 346, 260, 113, 0]:2487
[571, 494, 224, 195, 0]:2591
[571, 496, 483, 205, 0]:3990
[571, 406, 392, 105, 0]:2921
[571, 313, 214, 205, 0]:2580
[571, 495, 350, 83, 0]:3567
[571, 413, 78, 70, 0]:2341
[571, 439, 428, 174, 0]:3263
[571, 374, 292, 215, 0]:2747
[571, 522, 392, 151, 0]:3360
[571, 534, 124, 1, 0]:2415
[571, 390, 367, 287, 0]:2968
[571, 191, 46, 36, 0]:2305
[571, 518, 229, 186, 0]:2597
[571, 372, 223, 173, 0]:2104
[571, 376, 311, 114, 0]:2656
[571, 400, 341, 72, 0]:2729
[571, 550, 361, 252, 0]:4017
[571, 526, 390, 362, 0]:3320
[571, 525, 221, 4, 0]:2579
[571, 418, 287, 36, 0]:2569
[571, 498, 315, 21, 0]:2670
[571, 525, 180, 178, 0]:2588
[571, 299, 238, 20, 0]:2457
[571, 259, 210, 134, 0]:2448
[571, 356, 315, 218, 0]:2690
[571, 462, 408, 135, 0]:3097
[571, 476, 182, 1, 0]:2651
[571, 282, 51, 46, 0]:2320
[571, 509, 456, 398, 0]:4405
[571, 423, 313, 258, 0]:2549
[571, 418, 227, 107, 0]:2388
[571, 339, 246, 163, 0]:2455
[571, 542, 257, 55, 0]:2651
[571, 272, 245, 114, 0]:2497
[571, 385, 302, 209, 0]:2686
[571, 445, 226, 91, 0]:2385
[571, 519, 238, 61, 0]:2755
[571, 539, 281, 180, 0]:2679
[571, 374, 68, 61, 0]:2333
[571, 531, 75, 22, 0]:2314
[571, 243, 75, 66, 0]:2336
[571, 376, 205, 76, 0]:2322
[571, 511, 434, 24, 0]:3703
[571, 212, 158, 7, 0]:2384
[571, 399, 241, 214, 0]:2617
[571, 513, 450, 360, 0]:3973
[571, 435, 280, 130, 0]:2547
[571, 439, 216, 53, 0]:2363
[571, 293, 262, 86, 0]:2511
[571, 181, 176, 54, 0]:2451
[571, 510, 80, 41, 0]:2299
[571, 106, 73, 1, 0]:2320
[571, 300, 281, 89, 0]:2551
[571, 522, 331, 35, 0]:2801
[571, 334, 275, 176, 0]:2551
[571, 441, 328, 221, 0]:2731
[571, 381, 282, 145, 0]:2599
[571, 490, 481, 235, 0]:3869
[571, 535, 43, 34, 0]:2310
[571, 425, 169, 2, 0]:2302
[571, 323, 118, 84, 0]:2329
[571, 516, 325, 46, 0]:2742
[571, 533, 437, 118, 0]:3863
[571, 464, 388, 341, 0]:3387
[571, 536, 369, 161, 0]:3046
[571, 533, 368, 151, 0]:3047
[571, 293, 174, 44, 0]:2334
[571, 405, 390, 241, 0]:2968
[571, 395, 394, 323, 0]:3183
[571, 515, 476, 117, 0]:4526
[571, 519, 154, 119, 0]:2464
[571, 510, 482, 263, 0]:4201
[571, 278, 222, 107, 0]:2445
[571, 201, 163, 36, 0]:2405
[571, 536, 398, 57, 0]:3391
[571, 386, 42, 5, 0]:2280
[571, 501, 444, 87, 0]:3690
[571, 362, 190, 17, 0]:2297
[571, 245, 175, 170, 0]:2543
[571, 478, 111, 20, 0]:2297
[571, 542, 121, 65, 0]:2379
[571, 491, 398, 312, 0]:3220
[571, 316, 184, 169, 0]:2469
[571, 287, 258, 113, 0]:2509
[571, 308, 179, 85, 0]:2329
[571, 542, 148, 141, 0]:2531
[571, 273, 24, 10, 0]:2280
[571, 226, 168, 121, 0]:2415
[571, 542, 316, 191, 0]:3179
[571, 160, 18, 13, 0]:2287
[571, 401, 359, 276, 0]:2893
[571, 417, 266, 205, 0]:2601
[571, 490, 459, 50, 0]:3682
[571, 527, 454, 210, 0]:3966
[571, 539, 331, 329, 0]:4254
[571, 540, 409, 87, 0]:3440
[571, 312, 189, 15, 0]:2346
[571, 543, 413, 214, 0]:3829
[571, 101, 28, 2, 0]:2280
[571, 504, 394, 34, 0]:3190
[571, 514, 511, 397, 0]:3870
[571, 403, 254, 176, 0]:2578
[571, 382, 179, 95, 0]:2290
[571, 539, 290, 268, 0]:2804
[571, 446, 197, 184, 0]:2521
[571, 268, 191, 113, 0]:2393
[571, 362, 340, 110, 0]:2811
[571, 206, 174, 37, 0]:2422
[571, 542, 301, 110, 0]:2736
[571, 528, 366, 289, 0]:3013
[571, 441, 418, 360, 0]:3512
[571, 354, 323, 70, 0]:2739
[571, 464, 211, 165, 0]:2501
[571, 506, 435, 100, 0]:3576
[571, 522, 277, 203, 0]:3089
[571, 333, 196, 96, 0]:2338
[571, 493, 438, 327, 0]:3567
[571, 537, 175, 20, 0]:2507
[571, 501, 499, 401, 0]:4515
[571, 250, 161, 158, 0]:2502
[571, 522, 34, 31, 0]:2307
[571, 361, 260, 30, 0]:2488
[571, 347, 234, 172, 0]:2460
[571, 263, 59, 46, 0]:2312
[571, 455, 258, 44, 0]:2481
[571, 433, 246, 119, 0]:2445
[571, 540, 267, 130, 0]:3425
[571, 538, 438, 159, 0]:3632
[571, 544, 241, 156, 0]:3310
[571, 361, 246, 179, 0]:2501
[571, 416, 362, 331, 0]:3006
[571, 542, 68, 33, 0]:2903
[571, 358, 191, 9, 0]:2304
[571, 456, 452, 77, 0]:3521
[571, 247, 14, 9, 0]:2283
[571, 230, 81, 56, 0]:2310
[571, 275, 222, 106, 0]:2492
[571, 198, 181, 69, 0]:2444
[571, 234, 105, 96, 0]:2366
[571, 256, 161, 45, 0]:2345
[571, 284, 97, 56, 0]:2294
[571, 259, 164, 129, 0]:2408
[571, 226, 57, 52, 0]:2326
[571, 270, 249, 121, 0]:2507
[571, 250, 239, 26, 0]:2508
[571, 293, 270, 98, 0]:2527
[571, 325, 240, 161, 0]:2671
[571, 296, 218, 24, 0]:2420
[571, 366, 94, 77, 0]:2339
[571, 335, 198, 185, 0]:2498
[571, 341, 149, 34, 0]:2280
[571, 301, 276, 95, 0]:2536
[571, 224, 85, 18, 0]:2280
[571, 363, 134, 98, 0]:2341
[571, 296, 277, 156, 0]:2554
[571, 332, 230, 114, 0]:2407
[571, 310, 221, 200, 0]:2568
[571, 343, 54, 13, 0]:2280
[571, 331, 210, 189, 0]:2514
[571, 333, 218, 2, 0]:2383
[571, 336, 274, 35, 0]:2530
[571, 239, 215, 154, 0]:2538
[571, 313, 272, 218, 0]:2645
[571, 301, 282, 30, 0]:2554
[571, 238, 204, 153, 0]:2516
[571, 375, 243, 142, 0]:2467
[571, 372, 265, 184, 0]:2628
[571, 355, 273, 220, 0]:2743
[571, 389, 93, 56, 0]:2298
[571, 318, 307, 68, 0]:2649
[571, 241, 74, 53, 0]:2311
[571, 153, 32, 31, 0]:2309
[571, 412, 168, 37, 0]:2288
[571, 419, 233, 6, 0]:2407
[571, 250, 237, 56, 0]:2504
[571, 346, 129, 101, 0]:2352
[571, 359, 186, 127, 0]:2359
[571, 298, 161, 60, 0]:2303
[571, 339, 264, 81, 0]:2500
[571, 353, 294, 275, 0]:2825
[571, 309, 226, 100, 0]:2422
[571, 391, 66, 44, 0]:2322
[571, 449, 192, 110, 0]:2376
[571, 380, 355, 330, 0]:2736
[571, 396, 359, 109, 0]:2779
[571, 381, 364, 221, 0]:2842
[571, 421, 244, 238, 0]:2664
[571, 383, 45, 20, 0]:2280
[571, 455, 166, 164, 0]:2490
[571, 414, 356, 203, 0]:2717
[571, 436, 27, 17, 0]:2286
[571, 465, 126, 12, 0]:2299
[571, 389, 325, 56, 0]:2667
[571, 457, 273, 48, 0]:2526
[571, 465, 188, 110, 0]:2392
[571, 454, 11, 5, 0]:2280
[571, 373, 321, 276, 0]:2855
[571, 366, 234, 99, 0]:2409
[571, 430, 327, 33, 0]:2689
[571, 395, 318, 214, 0]:2712
[571, 445, 271, 268, 0]:2781
[571, 372, 324, 165, 0]:2631
[571, 428, 102, 91, 0]:2359
[571, 420, 374, 79, 0]:2783
[571, 457, 318, 252, 0]:2780
[571, 370, 352, 271, 0]:2916
[571, 432, 367, 254, 0]:2890
[571, 384, 177, 70, 0]:2280
[571, 400, 394, 223, 0]:1905
[571, 469, 298, 264, 0]:2796
[571, 405, 244, 130, 0]:2439
[571, 444, 369, 160, 0]:2768
[571, 461, 206, 25, 0]:2375
[571, 419, 397, 84, 0]:2957
[571, 346, 120, 83, 0]:2325
[571, 203, 198, 35, 0]:2473
[571, 437, 372, 233, 0]:2766
[571, 293, 205, 42, 0]:2397
[571, 455, 390, 251, 0]:3022
[571, 390, 367, 345, 0]:3129
[571, 444, 227, 101, 0]:2388
[571, 464, 365, 100, 0]:2895
[571, 462, 361, 162, 0]:2848
[571, 410, 378, 199, 0]:2845
[571, 414, 285, 237, 0]:2758
[571, 446, 335, 288, 0]:2900
[571, 464, 198, 79, 0]:2370
[571, 491, 314, 210, 0]:2722
[571, 483, 297, 241, 0]:2728
[571, 471, 107, 86, 0]:2350
[571, 440, 311, 282, 0]:2848
[571, 317, 198, 32, 0]:2359
[571, 417, 394, 180, 0]:2946
[571, 425, 384, 242, 0]:2858
[571, 484, 369, 251, 0]:3195
[571, 309, 200, 112, 0]:2391
[571, 307, 284, 69, 0]:2560
[571, 327, 190, 91, 0]:2332
[571, 501, 168, 22, 0]:2382
[571, 442, 397, 178, 0]:2899
[571, 344, 310, 83, 0]:2005
[571, 504, 317, 185, 0]:2667
[571, 472, 249, 146, 0]:2496
[571, 243, 76, 10, 0]:2280
[571, 416, 163, 41, 0]:2287
[571, 425, 359, 73, 0]:2778
[571, 436, 339, 49, 0]:2724
[571, 450, 417, 40, 0]:3193
[571, 470, 193, 120, 0]:2417
[571, 501, 142, 26, 0]:2351
[571, 344, 293, 151, 0]:2583
[571, 285, 172, 90, 0]:2345
[571, 449, 342, 275, 0]:2873
[571, 232, 137, 90, 0]:2363
[571, 322, 243, 143, 0]:2443
[571, 471, 202, 28, 0]:2381
[571, 437, 250, 83, 0]:2457
[571, 202, 141, 55, 0]:2359
[571, 450, 357, 259, 0]:2881
[571, 288, 172, 105, 0]:2372
[571, 180, 97, 86, 0]:2365
[571, 467, 362, 294, 0]:3008
[571, 447, 114, 21, 0]:2280
[571, 434, 133, 126, 0]:2398
[571, 379, 356, 242, 0]:2856
[571, 224, 205, 2, 0]:2466
[571, 456, 442, 43, 0]:3485
[571, 507, 193, 185, 0]:2463
[571, 507, 355, 118, 0]:2837
[571, 227, 128, 30, 0]:2308
[571, 324, 160, 97, 0]:2313
[571, 287, 233, 178, 0]:2526
[571, 253, 142, 30, 0]:2310
[571, 457, 403, 352, 0]:3448
[571, 504, 171, 102, 0]:2996
[571, 329, 287, 142, 0]:2619
[571, 403, 400, 361, 0]:3333
[571, 519, 216, 37, 0]:2518
[571, 415, 228, 5, 0]:2392
[571, 304, 90, 47, 0]:2283
[571, 514, 108, 35, 0]:2330
[571, 378, 228, 85, 0]:2391
[571, 518, 160, 57, 0]:2386
[571, 507, 313, 161, 0]:2677
[571, 478, 449, 143, 0]:3430
[571, 468, 399, 9, 0]:3183
[571, 520, 242, 81, 0]:2529
[571, 470, 100, 2, 0]:2280
[571, 445, 200, 191, 0]:2534
[571, 490, 431, 293, 0]:3469
[571, 502, 167, 32, 0]:2377
[571, 428, 19, 5, 0]:2280
[571, 497, 397, 312, 0]:3350
[571, 496, 417, 334, 0]:3933
[571, 366, 226, 115, 0]:2388
[571, 320, 215, 70, 0]:2389
[571, 402, 79, 65, 0]:2330
[571, 361, 102, 99, 0]:2375
[571, 349, 252, 249, 0]:2709
[571, 409, 370, 162, 0]:2596
[571, 433, 120, 11, 0]:2280
[571, 466, 278, 69, 0]:2541
[571, 303, 247, 190, 0]:2546
[571, 246, 206, 167, 0]:2533
[571, 393, 138, 37, 0]:2352
[571, 481, 344, 194, 0]:2765
[571, 365, 298, 6, 0]:2600
[571, 417, 377, 8, 0]:2904
[571, 466, 411, 167, 0]:3111
[571, 507, 296, 49, 0]:2631
[571, 468, 306, 261, 0]:2795
[571, 242, 60, 37, 0]:2293
[571, 197, 177, 166, 0]:2579
[571, 206, 187, 135, 0]:2510
[571, 238, 133, 100, 0]:2373
[571, 295, 147, 118, 0]:2368
[571, 289, 274, 39, 0]:2539
[571, 530, 306, 143, 0]:2624
[571, 515, 382, 234, 0]:3047
[571, 183, 25, 14, 0]:2282
[571, 516, 373, 117, 0]:2968
[571, 399, 358, 294, 0]:2943
[571, 463, 352, 345, 0]:3173
[571, 450, 445, 226, 0]:3279
[571, 440, 230, 193, 0]:2552
[571, 367, 318, 123, 0]:2612
[571, 480, 361, 170, 0]:2880
[571, 502, 436, 123, 0]:3557
[571, 503, 434, 328, 0]:3607
[571, 493, 466, 208, 0]:3838
[571, 525, 300, 33, 0]:2709
[571, 499, 439, 166, 0]:3515
[571, 382, 74, 65, 0]:2335
[571, 388, 309, 139, 0]:2621
[571, 367, 173, 132, 0]:2370
[571, 482, 264, 71, 0]:2499
[571, 456, 372, 177, 0]:2879
[571, 451, 245, 54, 0]:2442
[571, 530, 258, 35, 0]:2637
[571, 526, 133, 13, 0]:2397
[571, 293, 274, 14, 0]:2535
[571, 525, 110, 10, 0]:2350
[571, 418, 238, 39, 0]:2421
[571, 514, 355, 249, 0]:2906
[571, 448, 258, 218, 0]:2631
[571, 476, 439, 437, 0]:4204
[571, 440, 370, 2, 0]:2756
[571, 447, 387, 250, 0]:2906
[571, 499, 455, 66, 0]:3786
[571, 312, 281, 268, 0]:2815
[571, 346, 320, 8, 0]:2673
[571, 478, 432, 407, 0]:4139
[571, 435, 124, 10, 0]:2280
[571, 496, 419, 374, 0]:3663
[571, 453, 165, 132, 0]:2685
[571, 462, 321, 219, 0]:2709
[571, 507, 389, 350, 0]:3374
[571, 431, 186, 44, 0]:2325
[571, 523, 278, 203, 0]:2668
[571, 533, 258, 20, 0]:2661
[571, 186, 180, 93, 0]:2181
[571, 528, 205, 117, 0]:2471
[571, 400, 366, 305, 0]:2960
[571, 442, 393, 196, 0]:2889
[571, 279, 254, 181, 0]:2590
[571, 509, 190, 2, 0]:2471
[571, 481, 267, 20, 0]:2524
[571, 175, 155, 134, 0]:2506
[571, 471, 418, 185, 0]:3199
[571, 370, 318, 177, 0]:2609
[571, 456, 273, 123, 0]:2526
[571, 475, 472, 438, 0]:4422
[571, 512, 408, 101, 0]:3268
[571, 346, 188, 65, 0]:2309
[571, 351, 246, 130, 0]:2445
[571, 513, 381, 363, 0]:3571
[571, 489, 435, 208, 0]:3366
[571, 82, 16, 15, 0]:2293
[571, 417, 190, 95, 0]:2124
[571, 462, 310, 185, 0]:2664
[571, 537, 287, 74, 0]:2682
[571, 501, 250, 119, 0]:2459
[571, 324, 229, 152, 0]:2639
[571, 416, 329, 115, 0]:2666
[571, 444, 435, 205, 0]:3291
[571, 479, 398, 376, 0]:3844
[571, 521, 334, 147, 0]:2749
[571, 413, 219, 20, 0]:2364
[571, 410, 79, 14, 0]:2280
[571, 346, 302, 209, 0]:2756
[571, 258, 257, 133, 0]:2542
[571, 258, 99, 84, 0]:2348
[571, 269, 230, 153, 0]:2506
[571, 195, 178, 149, 0]:2542
[571, 325, 165, 112, 0]:2342
[571, 535, 117, 86, 0]:2864
[571, 410, 117, 94, 0]:2350
[571, 493, 175, 172, 0]:2544
[571, 222, 58, 40, 0]:2301
[571, 421, 376, 321, 0]:3053
[571, 424, 413, 146, 0]:3122
[571, 351, 269, 134, 0]:2517
[571, 431, 252, 134, 0]:2478
[571, 424, 158, 30, 0]:2290
[571, 453, 256, 208, 0]:2546
[571, 243, 110, 50, 0]:2280
[571, 436, 214, 145, 0]:2433
[571, 541, 268, 64, 0]:2664
[571, 510, 424, 413, 0]:4582
[571, 129, 108, 49, 0]:2366
[571, 466, 306, 135, 0]:2625
[571, 534, 398, 293, 0]:3297
[571, 541, 335, 140, 0]:2814
[571, 449, 438, 359, 0]:3573
[571, 301, 282, 270, 0]:2320
[571, 284, 269, 90, 0]:2534
[571, 535, 361, 222, 0]:3572
[571, 504, 495, 237, 0]:4487
[571, 486, 401, 97, 0]:2195
[571, 542, 345, 166, 0]:2866
[571, 535, 293, 236, 0]:2757
[571, 501, 325, 196, 0]:2737
[571, 449, 431, 126, 0]:3194
[571, 313, 122, 23, 0]:2280
[571, 463, 153, 70, 0]:2324
[571, 351, 178, 41, 0]:2284
[571, 244, 201, 94, 0]:2437
[571, 286, 251, 23, 0]:2496
[571, 518, 235, 173, 0]:2571
[571, 470, 166, 20, 0]:2344
[571, 539, 417, 52, 0]:4699
[571, 336, 62, 1, 0]:2280
[571, 511, 470, 179, 0]:3907
[571, 274, 102, 99, 0]:2375
[571, 361, 237, 164, 0]:2469
[571, 249, 214, 182, 0]:2575
[571, 331, 49, 30, 0]:2290
[571, 515, 195, 106, 0]:2434
[571, 513, 217, 172, 0]:2564
[571, 524, 255, 134, 0]:2551
[571, 103, 92, 66, 0]:2388
[571, 259, 226, 219, 0]:2676
[571, 459, 273, 25, 0]:2503
[571, 494, 127, 39, 0]:2329
[571, 358, 267, 248, 0]:2753
[571, 337, 196, 147, 0]:2431
[571, 336, 205, 81, 0]:2353
[571, 526, 430, 115, 0]:3834
[571, 492, 325, 98, 0]:2603
[571, 539, 132, 121, 0]:2488
[571, 505, 243, 72, 0]:2494
[571, 505, 489, 339, 0]:4689
[571, 416, 291, 89, 0]:2580
[571, 470, 333, 272, 0]:2822
[571, 505, 443, 428, 0]:4212
[571, 341, 270, 163, 0]:2517
[571, 485, 460, 290, 0]:3613
[571, 453, 435, 196, 0]:3198
[571, 529, 461, 104, 0]:4511
[571, 267, 261, 102, 0]:2535
[571, 378, 355, 349, 0]:3145
[571, 457, 452, 137, 0]:3430
[571, 512, 494, 265, 0]:4453
[571, 357, 186, 174, 0]:2453
[571, 513, 450, 283, 0]:3776
[571, 375, 308, 110, 0]:2590
[571, 544, 176, 93, 0]:2494
[571, 536, 72, 25, 0]:2316
[571, 464, 177, 100, 0]:2371
[571, 514, 181, 55, 0]:2414
[571, 178, 43, 1, 0]:2280
[571, 224, 185, 24, 0]:2426
[571, 471, 346, 169, 0]:2765
[571, 418, 193, 70, 0]:2319
[571, 502, 403, 142, 0]:3285
[571, 505, 468, 389, 0]:4325
[571, 466, 176, 111, 0]:2555
[571, 529, 123, 44, 0]:2360
[571, 498, 252, 81, 0]:2482
[571, 128, 36, 2, 0]:2280
[571, 416, 329, 3, 0]:2713
[571, 540, 106, 65, 0]:3036
[571, 299, 281, 171, 0]:2600
[571, 417, 336, 316, 0]:2888
[571, 465, 458, 163, 0]:3463
[571, 231, 158, 14, 0]:2365
[571, 440, 175, 146, 0]:2439
[571, 445, 434, 383, 0]:3758
[571, 443, 390, 332, 0]:3267
[571, 541, 417, 170, 0]:3433
[571, 452, 177, 172, 0]:2503
[571, 394, 347, 324, 0]:3002
[571, 545, 316, 173, 0]:2785
[571, 489, 85, 35, 0]:2282
[571, 342, 209, 130, 0]:2405
[571, 374, 250, 137, 0]:2468
[571, 459, 265, 171, 0]:2578
[571, 310, 250, 183, 0]:2524
[571, 503, 239, 114, 0]:2450
[571, 514, 342, 47, 0]:3131
[571, 513, 455, 224, 0]:2379
[571, 290, 149, 24, 0]:2287
[571, 340, 305, 87, 0]:2607
[571, 526, 248, 215, 0]:2663
[571, 362, 301, 285, 0]:2862
[571, 344, 307, 245, 0]:2748
[571, 525, 258, 15, 0]:2642
[571, 489, 133, 76, 0]:2348
[571, 102, 96, 3, 0]:2411
[571, 472, 265, 64, 0]:2502
[571, 529, 389, 260, 0]:3556
[571, 544, 203, 26, 0]:2578
[571, 513, 471, 22, 0]:4166
[571, 545, 353, 57, 0]:3339
[571, 438, 370, 267, 0]:2902
[571, 220, 177, 152, 0]:2514
[571, 537, 453, 232, 0]:3797
[571, 214, 169, 120, 0]:2428
[571, 518, 355, 335, 0]:3150
[571, 379, 316, 217, 0]:2673
[571, 214, 73, 34, 0]:2280
[571, 517, 464, 279, 0]:3846
[571, 532, 382, 369, 0]:3621
[571, 352, 297, 199, 0]:2666
[571, 476, 297, 10, 0]:2600
[571, 478, 399, 46, 0]:3196
[571, 505, 486, 29, 0]:4426
[571, 377, 112, 27, 0]:2280
[571, 513, 482, 383, 0]:4706
[571, 242, 76, 45, 0]:2293
[571, 543, 430, 139, 0]:4913
[571, 550, 363, 103, 0]:4022
[571, 426, 129, 93, 0]:2336
[571, 363, 324, 70, 0]:2732
[571, 432, 257, 73, 0]:2478
[571, 498, 172, 121, 0]:2447
[571, 329, 161, 36, 0]:2280
[571, 272, 258, 58, 0]:2524
[571, 358, 332, 173, 0]:2677
[571, 296, 221, 198, 0]:2576
[571, 442, 268, 93, 0]:2511
[571, 478, 203, 87, 0]:2389
[571, 332, 98, 40, 0]:2280
[571, 531, 448, 117, 0]:5009
[571, 437, 302, 58, 0]:2614
[571, 356, 338, 169, 0]:2557
[571, 318, 289, 56, 0]:2575
[571, 520, 150, 77, 0]:2381
[571, 297, 213, 190, 0]:2617
[571, 452, 93, 2, 0]:2553
[571, 190, 136, 15, 0]:2362
[571, 462, 403, 393, 0]:3801
[571, 268, 141, 107, 0]:2365
[571, 549, 252, 67, 0]:2472
[571, 471, 217, 76, 0]:2396
[571, 507, 489, 435, 0]:5507
[571, 478, 444, 166, 0]:3397
[571, 428, 74, 34, 0]:2280
[571, 447, 212, 73, 0]:2367
[571, 506, 283, 272, 0]:2805
[571, 519, 219, 106, 0]:2455
[571, 262, 253, 177, 0]:2614
[571, 264, 77, 50, 0]:2302
[571, 103, 68, 38, 0]:2317
[571, 374, 182, 9, 0]:2280
[571, 424, 364, 85, 0]:2739
[571, 537, 438, 136, 0]:3863
[571, 516, 489, 87, 0]:4442
[571, 499, 357, 321, 0]:2810
[571, 277, 258, 125, 0]:2518
