[25, 17, 9, 8, 0]:71
[113, 93, 73, 20, 0]:316
[131, 101, 71, 30, 0]:360
[131, 109, 87, 22, 0]:368
[131, 124, 117, 7, 0]:383
[131, 97, 65, 3, 0]:580
[163, 117, 71, 46, 0]:461
[163, 7, 6, 3, 0]:571
[163, 99, 97, 3, 0]:778
[233, 217, 201, 16, 0]:680
[233, 158, 83, 75, 0]:688
[233, 201, 105, 9, 0]:1050
[239, 194, 149, 45, 0]:669
[239, 207, 111, 47, 0]:1077
[283, 12, 7, 5, 0]:862
[283, 249, 219, 27, 0]:1805
[409, 294, 179, 115, 0]:1160
[409, 337, 265, 72, 0]:1152
[409, 377, 185, 57, 0]:2144
[571, 465, 359, 106, 0]:1604
[571, 389, 207, 182, 0]:1685
[571, 10, 5, 2, 0]:2003
[571, 507, 475, 417, 0]:4228
[673, 449, 225, 224, 0]:2015
