Degrees: 
8
13
16
19
24
26
27
32
37
38
40
43
45
48
50
51
53
56
59
61
64
67
69
70
72
75
77
78
80
82
83
85
88
91
96
99
101
104
107
109
112
114
115
116
117
120
122
125
128
131
133
136
138
139
141
143
144
149
152
157
158
160
163
164
165
168
171
173
176
179
181
184
187
188
189
190
192
195
197
200
203
205
206
208
211
213
216
219
221
222
224
226
227
229
230
232
235
237
240
243
245
246
248
251
254
256
259
261
262
264
267
269
272
275
277
280
283
285
288
290
291
293
296
298
299
301
304
306
307
309
311
312
315
317
320
323
325
326
328
331
334
335
336
338
339
341
344
347
349
352
355
356
357
360
361
363
365
368
371
373
374
376
379
381
384
387
389
392
395
397
398
400
403
405
408
410
411
413
416
419
421
424
427
429
430
432
434
435
437
440
442
443
445
448
451
452
453
454
456
459
461
464
466
467
469
472
475
477
480
482
483
485
488
491
493
496
499
