[163, 121, 36, 18, 0] : 1094
[163, 111, 22, 13, 0] : 969
[163, 123, 26, 17, 0] : 1173
[163, 124, 123, 34, 0] : 1516
[163, 151, 42, 23, 0] : 2799
[163, 118, 99, 10, 0] : 1317
[163, 154, 75, 37, 0] : 3616
[163, 86, 61, 17, 0] : 914
[163, 80, 59, 42, 0] : 863
[163, 162, 49, 14, 0] : 6803
[163, 103, 93, 52, 0] : 1009
[163, 73, 72, 28, 0] : 821
[163, 76, 26, 24, 0] : 751
[163, 125, 112, 24, 0] : 1615
[163, 121, 110, 24, 0] : 1526
[163, 143, 94, 29, 0] : 2064
[163, 81, 50, 29, 0] : 781
[163, 143, 128, 61, 0] : 2650
[163, 153, 58, 5, 0] : 2836
[163, 86, 28, 11, 0] : 788
[163, 76, 54, 44, 0] : 850
[163, 148, 90, 59, 0] : 2472
[163, 74, 17, 3, 0] : 752
[163, 154, 125, 86, 0] : 4405
[163, 118, 111, 22, 0] : 1441
[163, 144, 59, 5, 0] : 2227
[163, 112, 103, 49, 0] : 1170
[163, 137, 91, 38, 0] : 1966
[163, 114, 100, 2, 0] : 1176
[163, 118, 99, 58, 0] : 1288
[163, 104, 70, 11, 0] : 920
[163, 106, 54, 34, 0] : 911
[163, 98, 74, 10, 0] : 1039
[163, 71, 68, 49, 0] : 821
[163, 96, 63, 49, 0] : 892
[163, 116, 95, 85, 0] : 1235
[163, 66, 20, 1, 0] : 752
[163, 86, 28, 18, 0] : 1005
[163, 127, 99, 22, 0] : 1543
[163, 105, 103, 96, 0] : 1150
[163, 83, 70, 53, 0] : 853
[163, 124, 113, 8, 0] : 1381
[163, 112, 53, 48, 0] : 940
[163, 86, 50, 21, 0] : 819
[163, 141, 128, 107, 0] : 2609
[163, 81, 24, 13, 0] : 763
[163, 108, 89, 38, 0] : 1110
[163, 133, 54, 16, 0] : 1529
[163, 157, 90, 36, 0] : 2712
[163, 127, 122, 26, 0] : 1590
[163, 158, 124, 71, 0] : 5540
[163, 83, 31, 2, 0] : 821
[163, 142, 60, 7, 0] : 1809
[163, 153, 149, 40, 0] : 3657
[163, 119, 98, 25, 0] : 1414
[163, 162, 58, 49, 0] : 6584
[163, 88, 30, 25, 0] : 801
[163, 151, 89, 69, 0] : 3024
[163, 145, 117, 51, 0] : 2794
[163, 153, 132, 121, 0] : 3733
[163, 139, 35, 2, 0] : 1639
[163, 99, 97, 83, 0] : 1076
[163, 133, 126, 78, 0] : 2039
[163, 113, 90, 2, 0] : 1110
[163, 162, 118, 18, 0] : 6004
[163, 138, 34, 1, 0] : 1699
[163, 23, 12, 2, 0] : 692
[163, 73, 60, 16, 0] : 813
[163, 134, 61, 11, 0] : 1695
[163, 27, 16, 5, 0] : 699
[163, 152, 101, 78, 0] : 3579
[163, 106, 88, 9, 0] : 1066
[163, 147, 112, 77, 0] : 2304
[163, 83, 22, 3, 0] : 595
[163, 124, 97, 13, 0] : 1506
[163, 95, 18, 5, 0] : 838
[163, 130, 47, 24, 0] : 1404
[163, 153, 145, 58, 0] : 3901
[163, 161, 75, 47, 0] : 5820
[163, 102, 92, 4, 0] : 1095
[163, 72, 13, 6, 0] : 739
[163, 155, 88, 78, 0] : 3501
[163, 137, 54, 8, 0] : 1704
[163, 130, 113, 38, 0] : 1832
[163, 110, 17, 10, 0] : 940
[163, 155, 38, 7, 0] : 3596
[163, 153, 124, 21, 0] : 3543
[163, 100, 17, 5, 0] : 868
[163, 152, 40, 5, 0] : 2797
[163, 111, 82, 62, 0] : 1092
[163, 109, 87, 62, 0] : 1043
[163, 160, 57, 27, 0] : 3361
[163, 105, 66, 27, 0] : 1004
[163, 120, 94, 91, 0] : 1337
[163, 106, 93, 28, 0] : 1153
[163, 138, 124, 53, 0] : 2136
[163, 108, 71, 38, 0] : 989
[163, 119, 109, 87, 0] : 1319
[163, 122, 76, 26, 0] : 1183
[163, 156, 55, 17, 0] : 4049
[163, 158, 39, 28, 0] : 5050
[163, 138, 62, 22, 0] : 1802
[163, 120, 106, 75, 0] : 1370
[163, 79, 69, 62, 0] : 801
[163, 106, 83, 2, 0] : 1079
[163, 139, 137, 33, 0] : 2594
[163, 116, 46, 35, 0] : 1042
[163, 147, 34, 3, 0] : 2286
[163, 91, 20, 17, 0] : 783
[163, 138, 123, 48, 0] : 2145
[163, 110, 70, 6, 0] : 1070
[163, 154, 33, 2, 0] : 3188
[163, 129, 107, 19, 0] : 1634
