[97, 18, 17, 16, 0]:361
[97, 81, 80, 79, 0]:735
[139, 10, 9, 8, 0]:503
[139, 42, 41, 40, 0]:540
[139, 61, 60, 59, 0]:561
[139, 80, 79, 78, 0]:634
[139, 99, 98, 97, 0]:804
[1163, 394, 393, 392, 0]:4586
[1021, 500, 499, 498, 0]:4211
[1021, 631, 630, 629, 0]:5129
[1163, 771, 770, 769, 0]:6225
[283, 25, 24, 23, 0]:1029
[283, 151, 150, 149, 0]:1225
[1163, 925, 924, 923, 0]:8092
[1021, 358, 357, 356, 0]:4043
[283, 134, 133, 132, 0]:1151
[163, 70, 69, 68, 0]:653
[163, 68, 67, 66, 0]:653
[163, 72, 71, 70, 0]:659
[1021, 178, 177, 176, 0]:3834
[571, 105, 104, 103, 0]:2150
[233, 58, 57, 56, 0]:891
[163, 97, 96, 95, 0]:769
[1021, 392, 391, 390, 0]:4077
[163, 93, 92, 91, 0]:738
[1163, 240, 239, 238, 0]:4417
[1163, 313, 312, 311, 0]:4498
[163, 95, 94, 93, 0]:752
