[11, 6, 2, 1, 0]:32
[13, 7, 3, 1, 0]:43
[17, 9, 5, 1, 0]:54
[17, 9, 7, 1, 0]:58
[21, 11, 4, 1, 0]:71
[21, 11, 7, 1, 0]:71
[23, 12, 5, 1, 0]:78
[25, 13, 10, 1, 0]:84
[27, 14, 7, 1, 0]:85
[29, 15, 2, 1, 0]:93
[33, 17, 13, 1, 0]:112
[35, 18, 5, 1, 0]:119
[37, 19, 4, 1, 0]:127
[39, 20, 5, 1, 0]:134
[41, 21, 10, 1, 0]:147
[41, 21, 11, 1, 0]:139
[41, 21, 13, 1, 0]:141
[43, 22, 13, 1, 0]:149
[43, 22, 15, 1, 0]:152
[49, 25, 6, 1, 0]:168
[49, 25, 12, 1, 0]:176
[49, 25, 13, 1, 0]:166
[49, 25, 15, 1, 0]:168
[49, 25, 22, 1, 0]:168
[51, 26, 22, 1, 0]:176
[53, 27, 25, 1, 0]:195
[55, 28, 4, 1, 0]:189
[55, 28, 15, 1, 0]:194
[55, 28, 24, 1, 0]:189
[57, 29, 11, 1, 0]:198
[59, 30, 14, 1, 0]:205
[63, 32, 5, 1, 0]:217
[63, 32, 7, 1, 0]:217
[63, 32, 26, 1, 0]:217
[65, 33, 10, 1, 0]:225
[65, 33, 17, 1, 0]:218
[65, 33, 19, 1, 0]:226
[67, 34, 6, 1, 0]:231
[69, 35, 4, 1, 0]:238
[69, 35, 20, 1, 0]:240
[69, 35, 28, 1, 0]:240
[71, 36, 8, 1, 0]:246
[73, 37, 7, 1, 0]:253
[73, 37, 18, 1, 0]:258
[73, 37, 25, 1, 0]:260
[73, 37, 28, 1, 0]:253
[75, 38, 22, 1, 0]:261
[77, 39, 19, 1, 0]:273
[79, 40, 13, 1, 0]:274
[81, 41, 5, 1, 0]:281
[81, 41, 11, 1, 0]:282
[81, 41, 25, 1, 0]:281
[81, 41, 28, 1, 0]:282
[81, 41, 34, 1, 0]:282
[85, 43, 16, 1, 0]:296
[85, 43, 30, 1, 0]:296
[89, 45, 11, 1, 0]:310
[89, 45, 14, 1, 0]:309
[89, 45, 25, 1, 0]:312
[89, 45, 29, 1, 0]:310
[91, 46, 25, 1, 0]:318
[91, 46, 39, 1, 0]:316
[93, 47, 28, 1, 0]:325
[93, 47, 31, 1, 0]:326
[93, 47, 32, 1, 0]:326
[95, 48, 5, 1, 0]:330
[95, 48, 25, 1, 0]:339
[97, 49, 31, 1, 0]:339
[97, 49, 39, 1, 0]:339
[103, 52, 30, 1, 0]:359
[105, 53, 13, 1, 0]:365
[105, 53, 50, 1, 0]:365
[111, 56, 32, 1, 0]:390
[111, 56, 49, 1, 0]:386
[113, 57, 11, 1, 0]:393
[113, 57, 16, 1, 0]:395
[113, 57, 37, 1, 0]:395
[117, 59, 22, 1, 0]:411
[119, 60, 13, 1, 0]:414
[119, 60, 28, 1, 0]:418
[119, 60, 55, 1, 0]:414
[121, 61, 10, 1, 0]:421
[121, 61, 15, 1, 0]:421
[121, 61, 22, 1, 0]:422
[121, 61, 31, 1, 0]:406
[123, 62, 13, 1, 0]:427
[125, 63, 22, 1, 0]:435
[125, 63, 31, 1, 0]:444
[129, 65, 5, 1, 0]:448
[129, 65, 61, 1, 0]:449
[135, 68, 5, 1, 0]:469
[137, 69, 20, 1, 0]:480
[137, 69, 40, 1, 0]:481
[139, 70, 3, 1, 0]:484
[141, 71, 14, 1, 0]:492
[145, 73, 15, 1, 0]:506
[145, 73, 28, 1, 0]:507
[145, 73, 48, 1, 0]:508
[145, 73, 60, 1, 0]:505
[145, 73, 64, 1, 0]:505
[147, 74, 25, 1, 0]:518
[151, 76, 28, 1, 0]:529
[151, 76, 48, 1, 0]:530
[153, 77, 28, 1, 0]:537
[153, 77, 32, 1, 0]:536
[153, 77, 50, 1, 0]:537
[153, 77, 71, 1, 0]:533
[155, 78, 67, 1, 0]:540
[155, 78, 74, 1, 0]:540
[157, 79, 6, 1, 0]:547
[159, 80, 28, 1, 0]:556
[159, 80, 34, 1, 0]:557
[161, 81, 5, 1, 0]:561
[161, 81, 41, 1, 0]:543
[161, 81, 43, 1, 0]:565
[161, 81, 56, 1, 0]:563
[161, 81, 71, 1, 0]:562
[163, 82, 6, 1, 0]:568
[165, 83, 34, 1, 0]:577
[167, 84, 59, 1, 0]:585
[169, 85, 7, 1, 0]:589
[169, 85, 16, 1, 0]:591
[169, 85, 21, 1, 0]:592
[169, 85, 30, 1, 0]:592
[171, 86, 67, 1, 0]:597
[175, 88, 4, 1, 0]:610
[175, 88, 13, 1, 0]:611
[175, 88, 15, 1, 0]:612
[177, 89, 19, 1, 0]:619
[179, 90, 46, 1, 0]:639
[181, 91, 6, 1, 0]:630
[181, 91, 78, 1, 0]:631
[185, 93, 5, 1, 0]:645
[185, 93, 19, 1, 0]:646
[185, 93, 49, 1, 0]:650
[185, 93, 83, 1, 0]:646
[193, 97, 25, 1, 0]:676
[193, 97, 37, 1, 0]:676
[193, 97, 87, 1, 0]:673
[195, 98, 91, 1, 0]:680
[197, 99, 86, 1, 0]:687
[199, 100, 21, 1, 0]:697
[199, 100, 39, 1, 0]:699
[199, 100, 90, 1, 0]:695
[201, 101, 7, 1, 0]:700
[201, 101, 28, 1, 0]:705
[201, 101, 65, 1, 0]:705
[201, 101, 83, 1, 0]:703
[205, 103, 28, 1, 0]:718
[207, 104, 91, 1, 0]:724
[209, 105, 13, 1, 0]:730
[209, 105, 25, 1, 0]:731
[209, 105, 28, 1, 0]:732
[209, 105, 55, 1, 0]:735
[209, 105, 95, 1, 0]:730
[213, 107, 10, 1, 0]:743
[213, 107, 88, 1, 0]:743
[217, 109, 39, 1, 0]:757
[217, 109, 42, 1, 0]:758
[219, 110, 34, 1, 0]:765
[219, 110, 50, 1, 0]:767
[219, 110, 62, 1, 0]:765
[219, 110, 98, 1, 0]:764
[221, 111, 2, 1, 0]:722
[223, 112, 21, 1, 0]:780
[225, 113, 23, 1, 0]:789
[225, 113, 34, 1, 0]:790
[225, 113, 41, 1, 0]:790
[225, 113, 64, 1, 0]:790
[225, 113, 98, 1, 0]:787
[233, 117, 5, 1, 0]:813
[233, 117, 25, 1, 0]:817
[233, 117, 67, 1, 0]:820
[233, 117, 76, 1, 0]:817
[235, 118, 49, 1, 0]:827
[241, 121, 66, 1, 0]:848
[241, 121, 111, 1, 0]:842
[245, 123, 14, 1, 0]:855
[245, 123, 22, 1, 0]:856
[247, 124, 75, 1, 0]:867
[247, 124, 94, 1, 0]:863
[249, 125, 4, 1, 0]:869
[249, 125, 28, 1, 0]:872
[249, 125, 77, 1, 0]:876
[249, 125, 97, 1, 0]:873
[249, 125, 115, 1, 0]:870
[251, 126, 97, 1, 0]:879
[255, 128, 28, 1, 0]:895
[255, 128, 49, 1, 0]:896
[257, 129, 29, 1, 0]:901
[259, 130, 82, 1, 0]:909
[261, 131, 28, 1, 0]:913
[261, 131, 68, 1, 0]:920
[263, 132, 7, 1, 0]:918
[263, 132, 17, 1, 0]:919
[263, 132, 47, 1, 0]:928
[263, 132, 100, 1, 0]:922
[265, 133, 10, 1, 0]:926
[265, 133, 13, 1, 0]:925
[265, 133, 102, 1, 0]:929
[267, 134, 85, 1, 0]:937
[271, 136, 21, 1, 0]:948
[271, 136, 55, 1, 0]:951
[275, 138, 46, 1, 0]:974
[275, 138, 85, 1, 0]:966
[275, 138, 91, 1, 0]:969
[279, 140, 13, 1, 0]:974
[279, 140, 31, 1, 0]:979
[279, 140, 50, 1, 0]:982
[279, 140, 83, 1, 0]:982
[279, 140, 91, 1, 0]:981
[279, 140, 127, 1, 0]:975
[281, 141, 25, 1, 0]:984
[283, 142, 70, 1, 0]:997
[289, 145, 69, 1, 0]:1019
[291, 146, 109, 1, 0]:1018
[293, 147, 106, 1, 0]:1027
[293, 147, 118, 1, 0]:1026
[295, 148, 22, 1, 0]:1031
[297, 149, 20, 1, 0]:1039
[297, 149, 67, 1, 0]:1045
[297, 149, 125, 1, 0]:1040
[299, 150, 2, 1, 0]:983
[303, 152, 77, 1, 0]:1081
[305, 153, 16, 1, 0]:1065
[305, 153, 77, 1, 0]:1041
[305, 153, 79, 1, 0]:1073
[305, 153, 109, 1, 0]:1070
[305, 153, 151, 1, 0]:1153
[309, 155, 20, 1, 0]:1080
[309, 155, 148, 1, 0]:1079
[311, 156, 103, 1, 0]:1092
[313, 157, 13, 1, 0]:1093
[313, 157, 43, 1, 0]:1095
[319, 160, 4, 1, 0]:1114
[319, 160, 28, 1, 0]:1119
[321, 161, 29, 1, 0]:1124
[321, 161, 101, 1, 0]:1128
[323, 162, 2, 1, 0]:1050
[323, 162, 22, 1, 0]:1130
[323, 162, 125, 1, 0]:1131
[325, 163, 4, 1, 0]:1134
[327, 164, 112, 1, 0]:1149
[329, 165, 4, 1, 0]:1148
[331, 166, 67, 1, 0]:1166
[331, 166, 69, 1, 0]:1166
[331, 166, 150, 1, 0]:1157
[335, 168, 76, 1, 0]:1180
[335, 168, 119, 1, 0]:1177
[335, 168, 134, 1, 0]:1176
[335, 168, 140, 1, 0]:1175
[337, 169, 42, 1, 0]:1182
[337, 169, 147, 1, 0]:1179
[337, 169, 154, 1, 0]:1178
[341, 171, 50, 1, 0]:1197
[341, 171, 64, 1, 0]:1199
[343, 172, 43, 1, 0]:1203
[345, 173, 43, 1, 0]:1208
[345, 173, 49, 1, 0]:1209
[345, 173, 109, 1, 0]:1208
[351, 176, 67, 1, 0]:1234
[351, 176, 76, 1, 0]:1236
[355, 178, 30, 1, 0]:1242
[357, 179, 64, 1, 0]:1256
[359, 180, 29, 1, 0]:1256
[359, 180, 164, 1, 0]:1255
[361, 181, 84, 1, 0]:1272
[363, 182, 13, 1, 0]:1268
[363, 182, 43, 1, 0]:1272
[363, 182, 71, 1, 0]:1276
[363, 182, 73, 1, 0]:1277
[365, 183, 74, 1, 0]:1281
[365, 183, 176, 1, 0]:1275
[369, 185, 28, 1, 0]:1292
[369, 185, 172, 1, 0]:1289
[371, 186, 146, 1, 0]:1300
[373, 187, 70, 1, 0]:1312
[373, 187, 102, 1, 0]:1313
[375, 188, 20, 1, 0]:1312
[375, 188, 65, 1, 0]:1319
[375, 188, 118, 1, 0]:1321
[375, 188, 139, 1, 0]:1316
[375, 188, 173, 1, 0]:1311
[383, 192, 76, 1, 0]:1347
[383, 192, 148, 1, 0]:1344
[385, 193, 168, 1, 0]:1349
[387, 194, 22, 1, 0]:1354
[391, 196, 24, 1, 0]:1367
[391, 196, 175, 1, 0]:1367
[393, 197, 23, 1, 0]:1375
[395, 198, 53, 1, 0]:1384
[395, 198, 97, 1, 0]:1393
[395, 198, 98, 1, 0]:1390
[397, 199, 6, 1, 0]:1387
[397, 199, 34, 1, 0]:1389
[399, 200, 95, 1, 0]:1407
[401, 201, 85, 1, 0]:1414
[401, 201, 91, 1, 0]:1414
[401, 201, 145, 1, 0]:1411
[403, 202, 33, 1, 0]:1412
[403, 202, 75, 1, 0]:1415
[403, 202, 82, 1, 0]:1419
[403, 202, 175, 1, 0]:1410
[405, 203, 28, 1, 0]:1416
[405, 203, 176, 1, 0]:1417
[407, 204, 56, 1, 0]:1428
[409, 205, 12, 1, 0]:1429
[409, 205, 21, 1, 0]:1430
[409, 205, 28, 1, 0]:1433
[409, 205, 109, 1, 0]:1436
[409, 205, 157, 1, 0]:1433
[415, 208, 7, 1, 0]:1450
[415, 208, 160, 1, 0]:1456
[415, 208, 175, 1, 0]:1453
[415, 208, 204, 1, 0]:1449
[417, 209, 49, 1, 0]:1463
[417, 209, 109, 1, 0]:1471
[417, 209, 124, 1, 0]:1472
[417, 209, 160, 1, 0]:1463
[419, 210, 17, 1, 0]:1466
[421, 211, 174, 1, 0]:1476
[423, 212, 31, 1, 0]:1480
[425, 213, 65, 1, 0]:1493
[425, 213, 95, 1, 0]:1499
[427, 214, 145, 1, 0]:1499
[427, 214, 195, 1, 0]:1492
[429, 215, 52, 1, 0]:1505
[431, 216, 142, 1, 0]:1513
[433, 217, 36, 1, 0]:1516
[433, 217, 60, 1, 0]:1524
[433, 217, 63, 1, 0]:1523
[433, 217, 73, 1, 0]:1524
[433, 217, 133, 1, 0]:1525
[435, 218, 79, 1, 0]:1530
[435, 218, 155, 1, 0]:1527
[437, 219, 217, 1, 0]:1648
[439, 220, 106, 1, 0]:1548
[441, 221, 7, 1, 0]:1542
[445, 223, 172, 1, 0]:1561
[445, 223, 174, 1, 0]:1559
[449, 225, 116, 1, 0]:1587
[451, 226, 126, 1, 0]:1590
[455, 228, 55, 1, 0]:1594
[457, 229, 39, 1, 0]:1599
[457, 229, 84, 1, 0]:1604
[457, 229, 139, 1, 0]:1607
[465, 233, 4, 1, 0]:1625
[465, 233, 61, 1, 0]:1632
[465, 233, 185, 1, 0]:1631
[467, 234, 127, 1, 0]:1645
[469, 235, 126, 1, 0]:1651
[471, 236, 41, 1, 0]:1651
[473, 237, 35, 1, 0]:1657
[473, 237, 76, 1, 0]:1660
[473, 237, 196, 1, 0]:1660
[475, 238, 67, 1, 0]:1666
[477, 239, 32, 1, 0]:1670
[477, 239, 64, 1, 0]:1672
[481, 241, 30, 1, 0]:1685
[481, 241, 160, 1, 0]:1692
[481, 241, 172, 1, 0]:1692
[487, 244, 16, 1, 0]:1704
[487, 244, 87, 1, 0]:1714
[487, 244, 109, 1, 0]:1717
[489, 245, 7, 1, 0]:1709
[489, 245, 155, 1, 0]:1719
[491, 246, 53, 1, 0]:1724
[491, 246, 58, 1, 0]:1726
[495, 248, 46, 1, 0]:1734
[497, 249, 95, 1, 0]:1748
[497, 249, 127, 1, 0]:1751
[499, 250, 69, 1, 0]:1754
[499, 250, 118, 1, 0]:1760
[501, 251, 116, 1, 0]:1764
[503, 252, 28, 1, 0]:1759
[507, 254, 7, 1, 0]:1772
[507, 254, 161, 1, 0]:1782
[511, 256, 22, 1, 0]:1787
[513, 257, 32, 1, 0]:1796
[513, 257, 88, 1, 0]:1804
[513, 257, 172, 1, 0]:1803
[513, 257, 236, 1, 0]:1794
[513, 257, 251, 1, 0]:1793
[515, 258, 34, 1, 0]:1803
[515, 258, 95, 1, 0]:1811
[519, 260, 118, 1, 0]:1827
[521, 261, 28, 1, 0]:1824
[521, 261, 103, 1, 0]:1830
[521, 261, 200, 1, 0]:1827
[521, 261, 251, 1, 0]:1821
[525, 263, 56, 1, 0]:1841
[525, 263, 68, 1, 0]:1841
[527, 264, 154, 1, 0]:1855
[529, 265, 12, 1, 0]:1850
[529, 265, 187, 1, 0]:1860
[529, 265, 219, 1, 0]:1854
[531, 266, 101, 1, 0]:1866
[531, 266, 157, 1, 0]:1867
[531, 266, 202, 1, 0]:1862
[535, 268, 69, 1, 0]:1877
[535, 268, 159, 1, 0]:1882
[537, 269, 25, 1, 0]:1879
[537, 269, 65, 1, 0]:1884
[537, 269, 107, 1, 0]:1889
[539, 270, 43, 1, 0]:1886
[539, 270, 77, 1, 0]:1891
[543, 272, 88, 1, 0]:1905
[543, 272, 166, 1, 0]:1906
[543, 272, 215, 1, 0]:1901
[545, 273, 169, 1, 0]:1919
[549, 275, 140, 1, 0]:1939
[549, 275, 166, 1, 0]:1934
[549, 275, 256, 1, 0]:1920
[551, 276, 29, 1, 0]:1928
[551, 276, 154, 1, 0]:1940
[553, 277, 6, 1, 0]:1933
[553, 277, 48, 1, 0]:1940
[553, 277, 55, 1, 0]:1942
[553, 277, 123, 1, 0]:1945
[555, 278, 83, 1, 0]:1950
[559, 280, 238, 1, 0]:1961
[559, 280, 241, 1, 0]:1961
[561, 281, 55, 1, 0]:1968
[561, 281, 83, 1, 0]:1971
[561, 281, 203, 1, 0]:1970
[561, 281, 211, 1, 0]:1970
[561, 281, 214, 1, 0]:1968
[563, 282, 62, 1, 0]:1976
[567, 284, 154, 1, 0]:1995
[569, 285, 94, 1, 0]:1999
[569, 285, 110, 1, 0]:2001
[569, 285, 131, 1, 0]:2006
[569, 285, 197, 1, 0]:1997
[571, 286, 21, 1, 0]:1996
[571, 286, 219, 1, 0]:2001
[573, 287, 160, 1, 0]:2021
[575, 288, 106, 1, 0]:2018
[575, 288, 137, 1, 0]:2023
[577, 289, 12, 1, 0]:2018
[577, 289, 19, 1, 0]:2020
[577, 289, 115, 1, 0]:2035
[577, 289, 145, 1, 0]:1972
[579, 290, 58, 1, 0]:2031
[579, 290, 125, 1, 0]:2037
[581, 291, 8, 1, 0]:2031
[581, 291, 98, 1, 0]:2042
[583, 292, 141, 1, 0]:2053
[583, 292, 157, 1, 0]:2054
[583, 292, 187, 1, 0]:2050
[583, 292, 237, 1, 0]:2043
[585, 293, 107, 1, 0]:2059
[585, 293, 154, 1, 0]:2066
[585, 293, 188, 1, 0]:2060
[585, 293, 212, 1, 0]:2054
[587, 294, 10, 1, 0]:2053
[587, 294, 274, 1, 0]:2054
[591, 296, 251, 1, 0]:2075
[593, 297, 106, 1, 0]:2083
[593, 297, 191, 1, 0]:2084
[593, 297, 232, 1, 0]:2081
[593, 297, 287, 1, 0]:2073
[595, 298, 49, 1, 0]:2087
[597, 299, 236, 1, 0]:2093
[599, 300, 151, 1, 0]:2138
[599, 300, 193, 1, 0]:2107
[601, 301, 148, 1, 0]:2122
[601, 301, 204, 1, 0]:2113
[603, 302, 70, 1, 0]:2116
[605, 303, 244, 1, 0]:2120
[605, 303, 262, 1, 0]:2118
[607, 304, 51, 1, 0]:2128
[609, 305, 127, 1, 0]:2144
[609, 305, 271, 1, 0]:2133
[611, 306, 13, 1, 0]:2137
[613, 307, 100, 1, 0]:2155
[615, 308, 155, 1, 0]:2193
[615, 308, 251, 1, 0]:2154
[617, 309, 209, 1, 0]:2171
[617, 309, 305, 1, 0]:2157
[623, 312, 13, 1, 0]:2179
[625, 313, 175, 1, 0]:2197
[625, 313, 258, 1, 0]:2191
[625, 313, 294, 1, 0]:2187
[627, 314, 287, 1, 0]:2196
[629, 315, 154, 1, 0]:2217
[631, 316, 153, 1, 0]:2228
[631, 316, 183, 1, 0]:2221
[631, 316, 249, 1, 0]:2216
[637, 319, 256, 1, 0]:2234
[639, 320, 130, 1, 0]:2249
[641, 321, 109, 1, 0]:2257
[641, 321, 121, 1, 0]:2258
[641, 321, 133, 1, 0]:2260
[641, 321, 275, 1, 0]:2247
[643, 322, 97, 1, 0]:2258
[643, 322, 210, 1, 0]:2261
[645, 323, 20, 1, 0]:2257
[645, 323, 58, 1, 0]:2263
[649, 325, 189, 1, 0]:2291
[649, 325, 210, 1, 0]:2283
[649, 325, 294, 1, 0]:2271
[653, 327, 76, 1, 0]:2290
[653, 327, 172, 1, 0]:2297
[655, 328, 55, 1, 0]:2296
[655, 328, 214, 1, 0]:2302
[655, 328, 292, 1, 0]:2295
[657, 329, 49, 1, 0]:2303
[657, 329, 305, 1, 0]:2299
[657, 329, 307, 1, 0]:2299
[659, 330, 266, 1, 0]:2311
[659, 330, 289, 1, 0]:2307
[661, 331, 70, 1, 0]:2315
[663, 332, 175, 1, 0]:2335
[663, 332, 280, 1, 0]:2324
[665, 333, 287, 1, 0]:2330
[669, 335, 14, 1, 0]:2340
[669, 335, 40, 1, 0]:2343
[671, 336, 127, 1, 0]:2361
[671, 336, 253, 1, 0]:2355
[671, 336, 302, 1, 0]:2349
[673, 337, 321, 1, 0]:2354
[675, 338, 109, 1, 0]:2376
[675, 338, 166, 1, 0]:2383
[681, 341, 91, 1, 0]:2393
[681, 341, 160, 1, 0]:2400
[681, 341, 172, 1, 0]:2404
[681, 341, 257, 1, 0]:2392
[681, 341, 290, 1, 0]:2389
[687, 344, 92, 1, 0]:2414
[687, 344, 316, 1, 0]:2404
[689, 345, 304, 1, 0]:2416
[693, 347, 208, 1, 0]:2439
[695, 348, 68, 1, 0]:2439
[699, 350, 38, 1, 0]:2449
[699, 350, 293, 1, 0]:2450
[699, 350, 335, 1, 0]:2446
[701, 351, 14, 1, 0]:2452
[703, 352, 150, 1, 0]:2476
[703, 352, 153, 1, 0]:2476
[705, 353, 127, 1, 0]:2480
[705, 353, 172, 1, 0]:2488
[705, 353, 253, 1, 0]:2476
[705, 353, 296, 1, 0]:2472
[711, 356, 35, 1, 0]:2489
[711, 356, 41, 1, 0]:2492
[711, 356, 325, 1, 0]:2489
[713, 357, 28, 1, 0]:2498
[713, 357, 197, 1, 0]:2514
[713, 357, 347, 1, 0]:2494
[715, 358, 267, 1, 0]:2512
[715, 358, 289, 1, 0]:2508
[719, 360, 14, 1, 0]:2515
[719, 360, 205, 1, 0]:2530
[721, 361, 228, 1, 0]:2540
[721, 361, 328, 1, 0]:2523
[723, 362, 61, 1, 0]:2536
[723, 362, 73, 1, 0]:2538
[725, 363, 2, 1, 0]:2363
[727, 364, 49, 1, 0]:2548
[727, 364, 69, 1, 0]:2549
[727, 364, 84, 1, 0]:2551
[727, 364, 111, 1, 0]:2551
[729, 365, 13, 1, 0]:2550
[733, 367, 210, 1, 0]:2585
[735, 368, 298, 1, 0]:2579
[735, 368, 308, 1, 0]:2576
[737, 369, 35, 1, 0]:2580
[737, 369, 124, 1, 0]:2590
[739, 370, 126, 1, 0]:2598
[743, 372, 265, 1, 0]:2614
[745, 373, 46, 1, 0]:2611
[745, 373, 129, 1, 0]:2625
[745, 373, 357, 1, 0]:2605
[745, 373, 364, 1, 0]:2605
[747, 374, 295, 1, 0]:2621
[751, 376, 241, 1, 0]:2645
[753, 377, 35, 1, 0]:2638
[753, 377, 133, 1, 0]:2651
[753, 377, 266, 1, 0]:2647
[753, 377, 343, 1, 0]:2638
[755, 378, 239, 1, 0]:2657
[755, 378, 337, 1, 0]:2645
[757, 379, 126, 1, 0]:2660
[759, 380, 215, 1, 0]:2676
[761, 381, 107, 1, 0]:2675
[761, 381, 175, 1, 0]:2683
[761, 381, 224, 1, 0]:2679
[761, 381, 307, 1, 0]:2669
[765, 383, 158, 1, 0]:2694
[767, 384, 245, 1, 0]:2698
[767, 384, 254, 1, 0]:2697
[769, 385, 102, 1, 0]:2701
[769, 385, 157, 1, 0]:2711
[769, 385, 213, 1, 0]:2714
[769, 385, 256, 1, 0]:2705
[769, 385, 330, 1, 0]:2696
[771, 386, 35, 1, 0]:2701
[775, 388, 70, 1, 0]:2717
[777, 389, 187, 1, 0]:2740
[777, 389, 221, 1, 0]:2738
[779, 390, 55, 1, 0]:2729
[779, 390, 71, 1, 0]:2731
[779, 390, 95, 1, 0]:2734
[781, 391, 268, 1, 0]:2744
[783, 392, 95, 1, 0]:2750
[783, 392, 106, 1, 0]:2749
[785, 393, 55, 1, 0]:2752
[785, 393, 65, 1, 0]:2755
[785, 393, 107, 1, 0]:2759
[785, 393, 232, 1, 0]:2764
[785, 393, 280, 1, 0]:2759
[785, 393, 380, 1, 0]:2745
[787, 394, 210, 1, 0]:2777
[789, 395, 148, 1, 0]:2780
[789, 395, 160, 1, 0]:2778
[789, 395, 286, 1, 0]:2774
[791, 396, 8, 1, 0]:2766
[791, 396, 179, 1, 0]:2786
[791, 396, 277, 1, 0]:2776
[791, 396, 344, 1, 0]:2772
[791, 396, 379, 1, 0]:2766
[793, 397, 55, 1, 0]:2781
[793, 397, 112, 1, 0]:2790
[793, 397, 192, 1, 0]:2801
[793, 397, 283, 1, 0]:2790
[793, 397, 307, 1, 0]:2787
[793, 397, 381, 1, 0]:2775
[793, 397, 390, 1, 0]:2773
[795, 398, 154, 1, 0]:2799
[797, 399, 242, 1, 0]:2807
[797, 399, 374, 1, 0]:2790
[799, 400, 232, 1, 0]:2813
[801, 401, 70, 1, 0]:2808
[801, 401, 73, 1, 0]:2813
[801, 401, 178, 1, 0]:2820
[801, 401, 259, 1, 0]:2820
[807, 404, 70, 1, 0]:2826
[807, 404, 377, 1, 0]:2822
[809, 405, 145, 1, 0]:2849
[809, 405, 175, 1, 0]:2852
[809, 405, 311, 1, 0]:2841
[809, 405, 394, 1, 0]:2830
[811, 406, 45, 1, 0]:2841
[813, 407, 380, 1, 0]:2845
[815, 408, 20, 1, 0]:2851
[815, 408, 59, 1, 0]:2856
[815, 408, 80, 1, 0]:2857
[817, 409, 139, 1, 0]:2874
[817, 409, 256, 1, 0]:2873
[817, 409, 372, 1, 0]:2860
[819, 410, 85, 1, 0]:2873
[819, 410, 215, 1, 0]:2890
[821, 411, 409, 1, 0]:3131
[823, 412, 147, 1, 0]:2899
[823, 412, 208, 1, 0]:2906
[825, 413, 244, 1, 0]:2911
[827, 414, 389, 1, 0]:2896
[829, 415, 138, 1, 0]:2913
[829, 415, 210, 1, 0]:2924
[831, 416, 247, 1, 0]:2928
[831, 416, 380, 1, 0]:2911
[833, 417, 236, 1, 0]:2938
[833, 417, 260, 1, 0]:2932
[833, 417, 292, 1, 0]:2931
[837, 419, 346, 1, 0]:2933
[839, 420, 227, 1, 0]:2954
[839, 420, 274, 1, 0]:2947
[839, 420, 365, 1, 0]:2936
[841, 421, 303, 1, 0]:2957
[841, 421, 331, 1, 0]:2952
[841, 421, 343, 1, 0]:2948
[847, 424, 75, 1, 0]:2972
[847, 424, 102, 1, 0]:2975
[847, 424, 414, 1, 0]:2963
[849, 425, 106, 1, 0]:2983
[849, 425, 172, 1, 0]:2990
[851, 426, 193, 1, 0]:3002
[853, 427, 186, 1, 0]:3002
[853, 427, 232, 1, 0]:3006
[857, 429, 5, 1, 0]:2996
[857, 429, 35, 1, 0]:3000
[857, 429, 89, 1, 0]:3008
[857, 429, 124, 1, 0]:3010
[857, 429, 322, 1, 0]:3011
[861, 431, 32, 1, 0]:3016
[861, 431, 50, 1, 0]:3018
[861, 431, 118, 1, 0]:3027
[863, 432, 295, 1, 0]:3035
[865, 433, 25, 1, 0]:3028
[865, 433, 88, 1, 0]:3036
[865, 433, 195, 1, 0]:3048
[865, 433, 313, 1, 0]:3041
[867, 434, 31, 1, 0]:3037
[867, 434, 169, 1, 0]:3053
[871, 436, 385, 1, 0]:3053
[871, 436, 397, 1, 0]:3049
[873, 437, 55, 1, 0]:3057
[875, 438, 239, 1, 0]:3084
[875, 438, 371, 1, 0]:3068
[877, 439, 154, 1, 0]:3088
[881, 441, 20, 1, 0]:3083
[883, 442, 265, 1, 0]:3114
[883, 442, 345, 1, 0]:3103
[887, 444, 352, 1, 0]:3112
[889, 445, 195, 1, 0]:3134
[891, 446, 307, 1, 0]:3131
[893, 447, 212, 1, 0]:3146
[895, 448, 175, 1, 0]:3149
[895, 448, 385, 1, 0]:3137
[897, 449, 100, 1, 0]:3147
[897, 449, 161, 1, 0]:3158
[903, 452, 61, 1, 0]:3164
[905, 453, 217, 1, 0]:3196
[905, 453, 322, 1, 0]:3182
[907, 454, 21, 1, 0]:3174
[909, 455, 88, 1, 0]:3191
[911, 456, 148, 1, 0]:3206
[911, 456, 260, 1, 0]:3213
[913, 457, 390, 1, 0]:3201
[913, 457, 420, 1, 0]:3197
[915, 458, 77, 1, 0]:3208
[915, 458, 286, 1, 0]:3222
[915, 458, 343, 1, 0]:3215
[915, 458, 349, 1, 0]:3214
[917, 459, 4, 1, 0]:3207
[917, 459, 40, 1, 0]:3212
[917, 459, 214, 1, 0]:3231
[919, 460, 42, 1, 0]:3220
[921, 461, 61, 1, 0]:3229
[921, 461, 157, 1, 0]:3241
[921, 461, 208, 1, 0]:3244
[921, 461, 263, 1, 0]:3247
[923, 462, 71, 1, 0]:3237
[923, 462, 371, 1, 0]:3240
[925, 463, 22, 1, 0]:3237
[929, 465, 55, 1, 0]:3254
[937, 469, 6, 1, 0]:3277
[937, 469, 39, 1, 0]:3282
[937, 469, 244, 1, 0]:3305
[937, 469, 316, 1, 0]:3299
[937, 469, 379, 1, 0]:3287
[939, 470, 29, 1, 0]:3287
[939, 470, 218, 1, 0]:3309
[941, 471, 284, 1, 0]:3319
[941, 471, 334, 1, 0]:3310
[943, 472, 165, 1, 0]:3317
[945, 473, 307, 1, 0]:3325
[945, 473, 364, 1, 0]:3315
[947, 474, 437, 1, 0]:3317
[949, 475, 178, 1, 0]:3342
[949, 475, 186, 1, 0]:3341
[951, 476, 38, 1, 0]:3330
[951, 476, 77, 1, 0]:3334
[951, 476, 325, 1, 0]:3341
[953, 477, 307, 1, 0]:3359
[953, 477, 407, 1, 0]:3341
[953, 477, 412, 1, 0]:3340
[957, 479, 62, 1, 0]:3354
[959, 480, 287, 1, 0]:3372
[961, 481, 76, 1, 0]:3368
[961, 481, 294, 1, 0]:3384
[961, 481, 463, 1, 0]:3363
[961, 481, 474, 1, 0]:3361
[963, 482, 5, 1, 0]:3367
[965, 483, 196, 1, 0]:3398
[967, 484, 76, 1, 0]:3387
[967, 484, 420, 1, 0]:3389
[969, 485, 157, 1, 0]:3409
[969, 485, 427, 1, 0]:3396
[969, 485, 469, 1, 0]:3390
[971, 486, 13, 1, 0]:3398
[971, 486, 245, 1, 0]:3429
[971, 486, 317, 1, 0]:3419
[971, 486, 421, 1, 0]:3405
[973, 487, 88, 1, 0]:3412
[973, 487, 342, 1, 0]:3417
[975, 488, 73, 1, 0]:3419
[975, 488, 125, 1, 0]:3425
[975, 488, 167, 1, 0]:3430
[975, 488, 409, 1, 0]:3418
[975, 488, 451, 1, 0]:3414
[977, 489, 299, 1, 0]:3444
[981, 491, 352, 1, 0]:3450
[985, 493, 78, 1, 0]:3453
[985, 493, 214, 1, 0]:3471
[985, 493, 286, 1, 0]:3471
[991, 496, 90, 1, 0]:3475
[991, 496, 418, 1, 0]:3474
[993, 497, 455, 1, 0]:3479
[995, 498, 55, 1, 0]:3485
[997, 499, 210, 1, 0]:3510
[999, 500, 79, 1, 0]:3504
[999, 500, 130, 1, 0]:3512
[999, 500, 203, 1, 0]:3526
[1001, 501, 19, 1, 0]:3503
[1001, 501, 167, 1, 0]:3554
[1001, 501, 194, 1, 0]:3529
[1001, 501, 244, 1, 0]:3532
[1001, 501, 368, 1, 0]:3518
[1007, 504, 139, 1, 0]:3536
[1007, 504, 232, 1, 0]:3551
[1009, 505, 67, 1, 0]:3536
[1009, 505, 120, 1, 0]:3545
[1009, 505, 237, 1, 0]:3557
[1017, 509, 20, 1, 0]:3560
[1017, 509, 460, 1, 0]:3562
[1019, 510, 95, 1, 0]:3577
[1019, 510, 110, 1, 0]:3580
[1019, 510, 191, 1, 0]:3590
[1019, 510, 370, 1, 0]:3583
[1021, 511, 318, 1, 0]:3598
[1023, 512, 161, 1, 0]:3599
[1023, 512, 485, 1, 0]:3581
[1025, 513, 220, 1, 0]:3610
[1025, 513, 269, 1, 0]:3613
[1025, 513, 308, 1, 0]:3610
[1025, 513, 409, 1, 0]:3596
[1025, 513, 439, 1, 0]:3593
[1027, 514, 121, 1, 0]:3605
[1029, 515, 112, 1, 0]:3610
[1031, 516, 340, 1, 0]:3624
[1031, 516, 391, 1, 0]:3618
[1035, 518, 41, 1, 0]:3625
[1037, 519, 20, 1, 0]:3628
[1039, 520, 402, 1, 0]:3650
[1039, 520, 480, 1, 0]:3639
[1041, 521, 37, 1, 0]:3646
[1041, 521, 235, 1, 0]:3675
[1043, 522, 7, 1, 0]:3648
[1043, 522, 365, 1, 0]:3664
[1043, 522, 466, 1, 0]:3655
[1045, 523, 112, 1, 0]:3664
[1045, 523, 196, 1, 0]:3679
[1045, 523, 462, 1, 0]:3660
[1047, 524, 131, 1, 0]:3677
[1047, 524, 202, 1, 0]:3685
[1047, 524, 409, 1, 0]:3678
[1049, 525, 140, 1, 0]:3688
[1049, 525, 176, 1, 0]:3692
[1049, 525, 193, 1, 0]:3694
[1049, 525, 242, 1, 0]:3699
[1049, 525, 451, 1, 0]:3675
[1049, 525, 476, 1, 0]:3676
[1057, 529, 511, 1, 0]:3697
[1059, 530, 106, 1, 0]:3713
[1059, 530, 227, 1, 0]:3732
[1061, 531, 112, 1, 0]:3725
[1063, 532, 178, 1, 0]:3741
[1063, 532, 225, 1, 0]:3746
[1063, 532, 396, 1, 0]:3736
[1063, 532, 456, 1, 0]:3726
[1065, 533, 28, 1, 0]:3729
[1065, 533, 170, 1, 0]:3744
[1065, 533, 499, 1, 0]:3728
[1067, 534, 517, 1, 0]:3734
[1069, 535, 58, 1, 0]:3745
[1069, 535, 210, 1, 0]:3767
[1073, 537, 13, 1, 0]:3755
[1073, 537, 80, 1, 0]:3762
[1073, 537, 106, 1, 0]:3767
[1073, 537, 260, 1, 0]:3788
[1073, 537, 311, 1, 0]:3785
[1075, 538, 202, 1, 0]:3784
[1077, 539, 400, 1, 0]:3779
[1079, 540, 268, 1, 0]:3809
[1079, 540, 506, 1, 0]:3778
[1081, 541, 216, 1, 0]:3806
[1081, 541, 451, 1, 0]:3790
[1081, 541, 525, 1, 0]:3781
[1083, 542, 50, 1, 0]:3793
[1087, 544, 21, 1, 0]:3803
[1087, 544, 57, 1, 0]:3807
[1087, 544, 120, 1, 0]:3817
[1087, 544, 264, 1, 0]:3833
[1091, 546, 367, 1, 0]:3839
[1093, 547, 508, 1, 0]:3827
[1095, 548, 124, 1, 0]:3844
[1095, 548, 178, 1, 0]:3849
[1097, 549, 329, 1, 0]:3867
[1097, 549, 427, 1, 0]:3851
[1097, 549, 485, 1, 0]:3845
[1099, 550, 43, 1, 0]:3848
[1099, 550, 277, 1, 0]:3884
[1099, 550, 421, 1, 0]:3861
[1099, 550, 438, 1, 0]:3857
[1103, 552, 16, 1, 0]:3859
[1103, 552, 41, 1, 0]:3861
[1103, 552, 76, 1, 0]:3867
[1105, 553, 4, 1, 0]:3865
[1105, 553, 399, 1, 0]:3886
[1109, 555, 448, 1, 0]:3891
[1113, 557, 475, 1, 0]:3904
[1117, 559, 46, 1, 0]:3914
[1119, 560, 97, 1, 0]:3927
[1119, 560, 235, 1, 0]:3944
[1121, 561, 121, 1, 0]:3933
[1121, 561, 256, 1, 0]:3954
[1121, 561, 368, 1, 0]:3948
[1121, 561, 385, 1, 0]:3942
[1121, 561, 487, 1, 0]:3929
[1121, 561, 541, 1, 0]:3923
[1123, 562, 250, 1, 0]:3959
[1125, 563, 296, 1, 0]:3965
[1127, 564, 19, 1, 0]:3943
[1127, 564, 560, 1, 0]:3942
[1129, 565, 75, 1, 0]:3956
[1129, 565, 165, 1, 0]:3971
[1129, 565, 181, 1, 0]:3973
[1129, 565, 301, 1, 0]:3983
[1133, 567, 32, 1, 0]:3966
[1135, 568, 309, 1, 0]:4001
[1137, 569, 91, 1, 0]:3991
[1137, 569, 227, 1, 0]:4008
[1137, 569, 341, 1, 0]:4005
[1139, 570, 539, 1, 0]:3987
[1141, 571, 28, 1, 0]:3993
[1143, 572, 358, 1, 0]:4025
[1145, 573, 347, 1, 0]:4035
[1145, 573, 500, 1, 0]:4014
[1145, 573, 506, 1, 0]:4014
[1147, 574, 385, 1, 0]:4038
[1149, 575, 368, 1, 0]:4048
[1151, 576, 490, 1, 0]:4037
[1153, 577, 538, 1, 0]:4039
[1159, 580, 19, 1, 0]:4054
[1159, 580, 60, 1, 0]:4058
[1161, 581, 428, 1, 0]:4078
[1161, 581, 442, 1, 0]:4076
[1161, 581, 479, 1, 0]:4074
[1163, 582, 247, 1, 0]:4099
[1163, 582, 322, 1, 0]:4107
[1163, 582, 377, 1, 0]:4098
[1163, 582, 385, 1, 0]:4093
[1163, 582, 401, 1, 0]:4089
[1163, 582, 403, 1, 0]:4090
[1163, 582, 527, 1, 0]:4073
[1165, 583, 258, 1, 0]:4108
[1167, 584, 350, 1, 0]:4113
[1167, 584, 506, 1, 0]:4093
[1167, 584, 575, 1, 0]:4082
[1169, 585, 497, 1, 0]:4101
[1171, 586, 63, 1, 0]:4106
[1171, 586, 285, 1, 0]:4135
[1175, 588, 274, 1, 0]:4143
[1177, 589, 555, 1, 0]:4121
[1179, 590, 193, 1, 0]:4151
[1183, 592, 85, 1, 0]:4148
[1183, 592, 510, 1, 0]:4148
[1185, 593, 61, 1, 0]:4153
[1185, 593, 146, 1, 0]:4165
[1185, 593, 211, 1, 0]:4172
[1185, 593, 469, 1, 0]:4164
[1185, 593, 533, 1, 0]:4153
[1185, 593, 589, 1, 0]:4145
[1187, 594, 242, 1, 0]:4182
[1189, 595, 64, 1, 0]:4169
[1191, 596, 169, 1, 0]:4186
[1191, 596, 266, 1, 0]:4197
[1193, 597, 146, 1, 0]:4184
[1193, 597, 187, 1, 0]:4191
[1193, 597, 410, 1, 0]:4190
[1195, 598, 57, 1, 0]:4186
[1195, 598, 91, 1, 0]:4191
[1195, 598, 277, 1, 0]:4217
[1197, 599, 152, 1, 0]:4203
