[571, 334, 199, 103, 0]:2349
[571, 217, 151, 100, 0]:2426
[571, 313, 81, 42, 0]:2282
[571, 190, 169, 79, 0]:2456
[571, 143, 72, 62, 0]:2346
[571, 355, 233, 228, 0]:2625
[571, 338, 313, 11, 0]:2699
[571, 221, 206, 84, 0]:2493
[571, 225, 97, 4, 0]:2334
[571, 389, 364, 182, 0]:1706
[571, 349, 165, 10, 0]:2290
[571, 362, 176, 147, 0]:2397
[571, 423, 80, 65, 0]:2329
[571, 446, 80, 15, 0]:2280
[571, 398, 204, 73, 0]:2319
[571, 376, 180, 17, 0]:2280
[571, 460, 135, 6, 0]:2303
[571, 351, 283, 62, 0]:2568
[571, 330, 313, 153, 0]:2625
[571, 438, 259, 53, 0]:2431
[571, 259, 97, 16, 0]:2337
[571, 310, 243, 115, 0]:2484
[571, 435, 241, 174, 0]:2536
[571, 215, 175, 54, 0]:2447
[571, 457, 284, 2, 0]:2566
[571, 426, 353, 88, 0]:2713
[571, 352, 107, 29, 0]:2280
[571, 240, 94, 87, 0]:2368
[571, 358, 242, 20, 0]:2462
[571, 254, 247, 147, 0]:2576
[571, 417, 337, 64, 0]:2695
[571, 408, 365, 160, 0]:2761
[571, 450, 348, 1, 0]:2809
[571, 422, 356, 223, 0]:2735
[571, 476, 325, 291, 0]:2881
[571, 288, 260, 113, 0]:2534
[571, 396, 346, 6, 0]:2752
[571, 359, 242, 21, 0]:2459
[571, 266, 158, 135, 0]:2435
[571, 478, 376, 325, 0]:3212
[571, 306, 293, 163, 0]:2605
[571, 346, 108, 58, 0]:2287
[571, 514, 220, 157, 0]:2535
[571, 256, 141, 112, 0]:2409
[571, 494, 239, 22, 0]:2473
[571, 478, 334, 241, 0]:2068
[571, 514, 239, 162, 0]:2545
[571, 431, 341, 70, 0]:2693
[571, 512, 62, 10, 0]:2282
[571, 520, 381, 204, 0]:3414
[571, 264, 263, 178, 0]:2681
[571, 458, 395, 151, 0]:2939
[571, 406, 179, 129, 0]:2371
[571, 550, 273, 189, 0]:2990
[571, 514, 204, 106, 0]:2431
[571, 520, 148, 57, 0]:2376
[571, 386, 308, 39, 0]:2628
[571, 485, 430, 341, 0]:3638
[571, 418, 309, 250, 0]:2756
[571, 300, 54, 21, 0]:2280
[571, 424, 369, 140, 0]:2761
[571, 224, 209, 46, 0]:2516
[571, 528, 230, 121, 0]:2590
[571, 495, 478, 419, 0]:3603
[571, 453, 329, 250, 0]:2768
[571, 457, 323, 50, 0]:2667
[571, 494, 343, 164, 0]:2773
[571, 198, 99, 46, 0]:2114
[571, 318, 173, 28, 0]:2212
[571, 402, 268, 23, 0]:2478
[571, 368, 356, 10, 0]:2805
[571, 262, 79, 21, 0]:2323
[571, 241, 228, 5, 0]:2559
[571, 338, 110, 97, 0]:2363
[571, 495, 399, 162, 0]:3197
[571, 456, 351, 205, 0]:2761
[571, 401, 309, 116, 0]:2619
[571, 351, 119, 14, 0]:2280
[571, 334, 106, 34, 0]:2280
[571, 508, 435, 133, 0]:3538
[571, 426, 399, 376, 0]:3454
[571, 510, 387, 322, 0]:3246
[571, 515, 361, 290, 0]:2993
[571, 420, 131, 22, 0]:2280
[571, 398, 183, 40, 0]:2289
[571, 533, 217, 36, 0]:2507
[571, 254, 241, 233, 0]:2729
[571, 530, 290, 273, 0]:2814
[571, 459, 434, 271, 0]:3307
[571, 406, 283, 24, 0]:2562
[571, 402, 262, 191, 0]:2566
[571, 361, 252, 154, 0]:2478
[571, 353, 314, 229, 0]:2722
[571, 349, 190, 103, 0]:2325
[571, 212, 92, 37, 0]:2326
[571, 390, 265, 122, 0]:2502
[571, 481, 465, 159, 0]:3621
[571, 233, 222, 73, 0]:2521
[571, 410, 234, 229, 0]:2627
[571, 191, 174, 83, 0]:2464
[571, 497, 492, 268, 0]:4132
[571, 475, 321, 224, 0]:2714
[571, 515, 238, 96, 0]:2475
[571, 506, 442, 251, 0]:3843
[571, 378, 301, 198, 0]:2609
[571, 403, 381, 68, 0]:2810
[571, 501, 448, 324, 0]:3811
[571, 454, 288, 95, 0]:2571
[571, 538, 185, 117, 0]:2479
[571, 316, 313, 118, 0]:2648
[571, 532, 202, 13, 0]:2498
[571, 211, 118, 108, 0]:2394
[571, 430, 259, 96, 0]:2484
[571, 537, 214, 149, 0]:2542
[571, 450, 222, 157, 0]:2471
[571, 461, 356, 151, 0]:2820
