[97, 18, 17, 16, 0]:361
[97, 81, 80, 79, 0]:735
[139, 10, 9, 8, 0]:503
[139, 42, 41, 40, 0]:540
[139, 61, 60, 59, 0]:561
[139, 80, 79, 78, 0]:634
[139, 99, 98, 97, 0]:804
[163, 68, 67, 66, 0]:653
[163, 70, 69, 68, 0]:653
[163, 72, 71, 70, 0]:659
[163, 93, 92, 91, 0]:738
[163, 95, 94, 93, 0]:752
[163, 97, 96, 95, 0]:769
[233, 58, 57, 56, 0]:891
[283, 25, 24, 23, 0]:1029
[283, 134, 133, 132, 0]:1151
[283, 151, 150, 149, 0]:1225
[571, 105, 104, 103, 0]:2150
[1021, 178, 177, 176, 0]:3834
[1021, 358, 357, 356, 0]:4043
[1021, 392, 391, 390, 0]:4077
[1163, 240, 239, 238, 0]:4417
[1163, 313, 312, 311, 0]:4498
[1163, 394, 393, 392, 0]:4586
