[571, 553, 391, 18, 0]:0
[571, 569, 385, 2, 0]:0
[571, 526, 506, 45, 0]:0
[571, 557, 504, 14, 0]:0
[571, 526, 505, 45, 0]:0
[571, 546, 406, 25, 0]:0
[571, 561, 407, 10, 0]:0
[571, 553, 402, 18, 0]:0
[571, 561, 492, 10, 0]:0
[571, 551, 493, 20, 0]:0
[571, 529, 490, 42, 0]:0
[571, 541, 392, 30, 0]:0
[571, 514, 482, 57, 0]:0
[571, 542, 534, 29, 0]:0
[571, 570, 481, 1, 0]:0
[571, 450, 301, 121, 0]:0
[571, 517, 385, 54, 0]:0
[571, 555, 497, 16, 0]:0
[571, 478, 246, 93, 0]:0
[571, 350, 273, 221, 0]:0
[571, 441, 309, 130, 0]:0
[571, 545, 477, 26, 0]:0
[571, 526, 57, 45, 0]:0
[571, 541, 196, 30, 0]:0
[571, 525, 50, 46, 0]:0
[571, 553, 464, 18, 0]:0
[571, 546, 465, 25, 0]:0
[571, 549, 44, 22, 0]:0
[571, 567, 45, 4, 0]:0
[571, 551, 42, 20, 0]:0
[571, 469, 290, 102, 0]:0
[571, 542, 457, 29, 0]:0
[571, 545, 58, 26, 0]:0
[571, 373, 318, 198, 0]:0
[571, 570, 9, 1, 0]:0
[571, 565, 7, 6, 0]:0
[571, 542, 37, 29, 0]:0
[571, 357, 317, 214, 0]:0
[571, 553, 31, 18, 0]:0
[571, 526, 125, 45, 0]:0
[571, 562, 22, 9, 0]:0
[571, 569, 186, 2, 0]:0
[571, 546, 106, 25, 0]:0
[571, 553, 107, 18, 0]:0
[571, 526, 66, 45, 0]:0
[571, 557, 67, 14, 0]:0
[571, 486, 310, 85, 0]:0
[571, 526, 65, 45, 0]:0
[571, 515, 493, 56, 0]:0
[571, 547, 125, 24, 0]:0
[571, 553, 112, 18, 0]:0
[571, 497, 309, 74, 0]:0
[571, 561, 79, 10, 0]:0
[571, 555, 74, 16, 0]:0
[571, 501, 306, 70, 0]:0
[571, 558, 190, 13, 0]:0
[571, 545, 513, 26, 0]:0
[571, 570, 90, 1, 0]:0
[571, 514, 89, 57, 0]:0
[571, 542, 114, 29, 0]:0
[571, 529, 81, 42, 0]:0
[571, 529, 174, 42, 0]:0
[571, 553, 169, 18, 0]:0
[571, 561, 164, 10, 0]:0
[571, 546, 165, 25, 0]:0
[571, 567, 186, 4, 0]:0
[571, 553, 180, 18, 0]:0
[571, 526, 478, 45, 0]:0
[571, 555, 142, 16, 0]:0
[571, 570, 141, 1, 0]:0
[571, 486, 265, 85, 0]:0
[571, 526, 229, 45, 0]:0
[571, 438, 262, 133, 0]:0
[571, 549, 152, 22, 0]:0
[571, 554, 150, 17, 0]:0
[571, 547, 149, 24, 0]:0
[571, 570, 146, 1, 0]:0
[571, 541, 179, 30, 0]:0
[571, 474, 261, 97, 0]:0
[571, 529, 235, 42, 0]:0
[571, 550, 230, 21, 0]:0
[571, 565, 231, 6, 0]:0
[571, 546, 225, 25, 0]:0
[571, 526, 222, 45, 0]:0
[571, 557, 220, 14, 0]:0
[571, 563, 253, 8, 0]:0
[571, 558, 218, 13, 0]:0
[571, 553, 249, 18, 0]:0
[571, 517, 246, 54, 0]:0
[571, 514, 241, 57, 0]:0
[571, 570, 202, 1, 0]:0
[571, 546, 201, 25, 0]:0
[571, 501, 169, 70, 0]:0
[571, 546, 214, 25, 0]:0
[571, 550, 209, 21, 0]:0
[571, 525, 209, 46, 0]:0
[571, 469, 281, 102, 0]:0
[571, 555, 150, 16, 0]:0
[571, 541, 221, 30, 0]:0
[571, 553, 459, 18, 0]:0
[571, 554, 421, 17, 0]:0
[571, 419, 189, 152, 0]:0
[571, 495, 241, 76, 0]:0
[571, 453, 186, 118, 0]:0
[571, 394, 366, 177, 0]:0
[571, 438, 182, 133, 0]:0
[571, 461, 421, 110, 0]:0
[571, 465, 362, 106, 0]:0
[571, 349, 262, 222, 0]:0
[571, 441, 262, 130, 0]:0
[571, 425, 177, 146, 0]:0
[571, 378, 254, 193, 0]:0
[571, 389, 357, 182, 0]:0
[571, 422, 354, 149, 0]:0
[571, 546, 357, 25, 0]:0
[571, 386, 381, 185, 0]:0
[571, 522, 465, 49, 0]:0
[571, 547, 446, 24, 0]:0
[571, 393, 377, 178, 0]:0
[571, 461, 417, 110, 0]:0
[571, 418, 374, 153, 0]:0
[571, 562, 42, 9, 0]:0
[571, 502, 254, 69, 0]:0
[571, 409, 370, 162, 0]:0
[571, 458, 369, 113, 0]:0
[571, 525, 521, 46, 0]:0
[571, 570, 549, 1, 0]:0
[571, 526, 514, 45, 0]:0
[571, 494, 429, 77, 0]:0
[571, 481, 330, 90, 0]:0
[571, 565, 564, 6, 0]:0
[571, 570, 562, 1, 0]:0
[571, 497, 262, 74, 0]:0
[571, 551, 78, 20, 0]:0
[571, 549, 527, 22, 0]:0
[571, 489, 329, 82, 0]:0
[571, 570, 513, 1, 0]:0
[571, 553, 540, 18, 0]:0
[571, 570, 58, 1, 0]:0
[571, 398, 241, 173, 0]:0
[571, 562, 529, 9, 0]:0
[571, 377, 325, 194, 0]:0
[571, 551, 529, 20, 0]:0
[571, 498, 321, 73, 0]:0
[571, 370, 350, 201, 0]:0
[571, 441, 233, 130, 0]:0
[571, 469, 346, 102, 0]:0
[571, 438, 309, 133, 0]:0
[571, 398, 330, 173, 0]:0
[571, 453, 226, 118, 0]:0
[571, 390, 345, 181, 0]:0
[571, 370, 225, 201, 0]:0
[571, 357, 254, 214, 0]:0
[571, 509, 501, 62, 0]:0
[571, 441, 338, 130, 0]:0
[571, 405, 253, 166, 0]:0
[571, 378, 250, 193, 0]:0
[571, 370, 345, 201, 0]:0
[571, 370, 226, 201, 0]:0
[571, 470, 430, 101, 0]:0
[571, 358, 254, 213, 0]:0
[571, 469, 426, 102, 0]:0
[571, 406, 242, 165, 0]:0
[571, 301, 289, 270, 0]:0
[571, 481, 241, 90, 0]:0
[571, 570, 22, 1, 0]:0
[571, 394, 205, 177, 0]:0
[571, 301, 282, 270, 0]:0
[571, 490, 202, 81, 0]:0
[571, 410, 201, 161, 0]:0
[571, 298, 286, 273, 0]:0
[571, 298, 285, 273, 0]:0
[571, 494, 222, 77, 0]:0
[571, 505, 162, 66, 0]:0
[571, 418, 197, 153, 0]:0
[571, 378, 194, 193, 0]:0
[571, 522, 106, 49, 0]:0
[571, 510, 466, 61, 0]:0
[571, 370, 221, 201, 0]:0
[571, 361, 214, 210, 0]:0
[571, 401, 394, 170, 0]:0
[571, 349, 245, 222, 0]:0
[571, 526, 93, 45, 0]:0
[571, 465, 209, 106, 0]:0
[571, 495, 330, 76, 0]:0
[571, 545, 298, 26, 0]:0
[571, 515, 78, 56, 0]:0
[571, 505, 409, 66, 0]:0
[571, 521, 318, 50, 0]:0
[571, 358, 317, 213, 0]:0
[571, 490, 246, 81, 0]:0
[571, 501, 402, 70, 0]:0
[571, 454, 366, 117, 0]:0
[571, 545, 94, 26, 0]:0
[571, 525, 246, 46, 0]:0
[571, 373, 253, 198, 0]:0
[571, 445, 294, 126, 0]:0
[571, 318, 314, 253, 0]:0
[571, 381, 310, 190, 0]:0
[571, 445, 306, 126, 0]:0
[571, 509, 394, 62, 0]:0
[571, 445, 265, 126, 0]:0
[571, 510, 261, 61, 0]:0
[571, 538, 149, 33, 0]:0
[571, 318, 257, 253, 0]:0
[571, 445, 277, 126, 0]:0
[571, 546, 285, 25, 0]:0
[571, 382, 380, 189, 0]:0
[571, 449, 241, 122, 0]:0
[571, 429, 305, 142, 0]:0
[571, 501, 302, 70, 0]:0
[571, 510, 333, 61, 0]:0
[571, 429, 266, 142, 0]:0
[571, 409, 290, 162, 0]:0
[571, 489, 289, 82, 0]:0
[571, 405, 318, 166, 0]:0
[571, 417, 317, 154, 0]:0
[571, 337, 314, 234, 0]:0
[571, 474, 310, 97, 0]:0
[571, 390, 309, 181, 0]:0
[571, 486, 306, 85, 0]:0
[571, 450, 270, 121, 0]:0
[571, 501, 269, 70, 0]:0
[571, 350, 298, 221, 0]:0
[571, 501, 265, 70, 0]:0
[571, 390, 262, 181, 0]:0
[571, 486, 261, 85, 0]:0
[571, 337, 257, 234, 0]:0
[571, 342, 287, 229, 0]:0
[571, 342, 284, 229, 0]:0
[571, 489, 282, 82, 0]:0
[571, 517, 186, 54, 0]:0
[571, 409, 281, 162, 0]:0
[571, 349, 309, 222, 0]:0
[571, 389, 366, 182, 0]:0
[571, 389, 364, 182, 0]:0
[571, 445, 397, 126, 0]:0
[571, 505, 362, 66, 0]:0
[571, 389, 361, 182, 0]:0
[571, 390, 358, 181, 0]:0
[571, 465, 359, 106, 0]:0
[571, 449, 330, 122, 0]:0
[571, 361, 357, 210, 0]:0
[571, 462, 322, 109, 0]:0
[571, 419, 382, 152, 0]:0
[571, 494, 349, 77, 0]:0
[571, 366, 344, 205, 0]:0
[571, 378, 377, 193, 0]:0
[571, 438, 374, 133, 0]:0
[571, 489, 372, 82, 0]:0
[571, 410, 370, 161, 0]:0
[571, 567, 385, 4, 0]:0
[571, 490, 369, 81, 0]:0
[571, 450, 333, 121, 0]:0
[571, 433, 330, 138, 0]:0
[571, 406, 329, 165, 0]:0
[571, 354, 326, 217, 0]:0
[571, 490, 325, 81, 0]:0
[571, 389, 205, 182, 0]:0
[571, 378, 321, 193, 0]:0
[571, 426, 350, 145, 0]:0
[571, 370, 346, 201, 0]:0
[571, 490, 474, 81, 0]:0
[571, 453, 345, 118, 0]:0
[571, 510, 501, 61, 0]:0
[571, 373, 338, 198, 0]:0
[571, 414, 369, 157, 0]:0
[571, 525, 325, 46, 0]:0
[571, 494, 394, 77, 0]:0
[571, 349, 326, 222, 0]:0
[571, 478, 325, 93, 0]:0
[571, 509, 450, 62, 0]:0
[571, 429, 414, 142, 0]:0
[571, 501, 441, 70, 0]:0
[571, 501, 439, 70, 0]:0
[571, 442, 437, 129, 0]:0
[571, 441, 434, 130, 0]:0
[571, 425, 394, 146, 0]:0
[571, 438, 389, 133, 0]:0
[571, 453, 385, 118, 0]:0
[571, 497, 414, 74, 0]:0
[571, 449, 409, 122, 0]:0
[571, 505, 405, 66, 0]:0
[571, 505, 402, 66, 0]:0
[571, 566, 133, 5, 0]:0
[571, 495, 458, 76, 0]:0
[571, 490, 489, 81, 0]:0
[571, 502, 317, 69, 0]:0
[571, 493, 449, 78, 0]:0
[571, 501, 462, 70, 0]:0
[571, 466, 458, 105, 0]:0
[571, 510, 105, 61, 0]:0
[571, 509, 70, 62, 0]:0
[571, 505, 474, 66, 0]:0
[571, 509, 121, 62, 0]:0
[571, 562, 549, 9, 0]:0
[571, 477, 456, 94, 0]:0
[571, 510, 70, 61, 0]:0
[571, 510, 310, 61, 0]:0
[571, 445, 174, 126, 0]:0
[571, 382, 191, 189, 0]:0
[571, 493, 122, 78, 0]:0
[571, 495, 113, 76, 0]:0
[571, 501, 109, 70, 0]:0
[571, 505, 97, 66, 0]:0
[571, 466, 113, 105, 0]:0
[571, 510, 238, 61, 0]:0
[571, 490, 82, 81, 0]:0
[571, 477, 115, 94, 0]:0
[571, 567, 526, 4, 0]:0
[571, 494, 177, 77, 0]:0
[571, 494, 142, 77, 0]:0
[571, 505, 169, 66, 0]:0
[571, 505, 166, 66, 0]:0
[571, 449, 162, 122, 0]:0
[571, 381, 261, 190, 0]:0
[571, 386, 190, 185, 0]:0
[571, 429, 157, 142, 0]:0
[571, 461, 154, 110, 0]:0
[571, 461, 150, 110, 0]:0
[571, 401, 177, 170, 0]:0
[571, 470, 141, 101, 0]:0
[571, 401, 318, 170, 0]:0
[571, 441, 137, 130, 0]:0
[571, 442, 134, 129, 0]:0
[571, 501, 132, 70, 0]:0
[571, 501, 130, 70, 0]:0
[571, 366, 227, 205, 0]:0
[571, 521, 253, 50, 0]:0
[571, 497, 157, 74, 0]:0
[571, 462, 249, 109, 0]:0
[571, 469, 145, 102, 0]:0
[571, 450, 238, 121, 0]:0
[571, 373, 233, 198, 0]:0
[571, 390, 226, 181, 0]:0
[571, 469, 225, 102, 0]:0
[571, 417, 254, 154, 0]:0
[571, 401, 253, 170, 0]:0
[571, 498, 250, 73, 0]:0
[571, 377, 246, 194, 0]:0
[571, 354, 245, 217, 0]:0
[571, 489, 242, 82, 0]:0
[571, 433, 241, 138, 0]:0
[571, 389, 207, 182, 0]:0
[571, 454, 205, 117, 0]:0
[571, 458, 202, 113, 0]:0
[571, 409, 201, 162, 0]:0
[571, 489, 199, 82, 0]:0
[571, 438, 197, 133, 0]:0
[571, 393, 194, 178, 0]:0
[571, 538, 422, 33, 0]:0
[571, 426, 221, 145, 0]:0
[571, 422, 217, 149, 0]:0
[571, 389, 214, 182, 0]:0
[571, 465, 212, 106, 0]:0
[571, 390, 213, 181, 0]:0
[571, 389, 210, 182, 0]:0
[571, 505, 209, 66, 0]:0
[571, 378, 317, 193, 0]:0
[571, 414, 202, 157, 0]:0
[571, 521, 297, 50, 0]:0
[571, 561, 292, 10, 0]:0
[571, 563, 318, 8, 0]:0
[571, 567, 310, 4, 0]:0
[571, 534, 309, 37, 0]:0
[571, 567, 306, 4, 0]:0
[571, 521, 304, 50, 0]:0
[571, 525, 362, 46, 0]:0
[571, 521, 267, 50, 0]:0
[571, 567, 265, 4, 0]:0
[571, 534, 262, 37, 0]:0
[571, 567, 261, 4, 0]:0
[571, 558, 353, 13, 0]:0
[571, 546, 286, 25, 0]:0
[571, 558, 381, 13, 0]:0
[571, 509, 177, 62, 0]:0
[571, 561, 279, 10, 0]:0
[571, 521, 274, 50, 0]:0
[571, 545, 273, 26, 0]:0
[571, 550, 362, 21, 0]:0
[571, 538, 357, 33, 0]:0
[571, 566, 438, 5, 0]:0
[571, 557, 351, 14, 0]:0
[571, 526, 349, 45, 0]:0
[571, 526, 342, 45, 0]:0
[571, 546, 370, 25, 0]:0
[571, 570, 369, 1, 0]:0
[571, 514, 330, 57, 0]:0
[571, 517, 325, 54, 0]:0
[571, 553, 322, 18, 0]:0
[571, 526, 446, 45, 0]:0
[571, 546, 346, 25, 0]:0
[571, 541, 375, 30, 0]:0
[571, 565, 340, 6, 0]:0
[571, 550, 341, 21, 0]:0
[571, 529, 336, 42, 0]:0
[571, 570, 430, 1, 0]:0
[571, 555, 429, 16, 0]:0
[571, 570, 425, 1, 0]:0
[571, 547, 422, 24, 0]:0
[571, 555, 421, 16, 0]:0
[571, 549, 419, 22, 0]:0
[571, 538, 214, 33, 0]:0
[571, 541, 350, 30, 0]:0
[571, 490, 97, 81, 0]:0
[571, 529, 397, 42, 0]:0
