[163, 150, 109, 13, 0]:0
[163, 143, 141, 20, 0]:0
[163, 154, 138, 9, 0]:0
[163, 137, 136, 26, 0]:0
[163, 159, 137, 4, 0]:0
[163, 138, 134, 25, 0]:0
[163, 157, 135, 6, 0]:0
[163, 142, 130, 21, 0]:0
[163, 150, 105, 13, 0]:0
[163, 159, 145, 4, 0]:0
[163, 145, 130, 18, 0]:0
[163, 161, 66, 2, 0]:0
[163, 125, 82, 38, 0]:0
[163, 129, 116, 34, 0]:0
[163, 153, 135, 10, 0]:0
[163, 159, 122, 4, 0]:0
[163, 125, 81, 38, 0]:0
[163, 149, 123, 14, 0]:0
[163, 142, 110, 21, 0]:0
[163, 146, 117, 17, 0]:0
[163, 149, 40, 14, 0]:0
[163, 93, 78, 70, 0]:0
[163, 154, 150, 9, 0]:0
[163, 150, 74, 13, 0]:0
[163, 135, 109, 28, 0]:0
[163, 158, 73, 5, 0]:0
[163, 142, 61, 21, 0]:0
[163, 155, 58, 8, 0]:0
[163, 153, 68, 10, 0]:0
[163, 121, 62, 42, 0]:0
[163, 105, 61, 58, 0]:0
[163, 133, 57, 30, 0]:0
[163, 121, 52, 42, 0]:0
[163, 126, 50, 37, 0]:0
[163, 150, 54, 13, 0]:0
[163, 142, 53, 21, 0]:0
[163, 113, 54, 50, 0]:0
[163, 105, 102, 58, 0]:0
[163, 121, 111, 42, 0]:0
[163, 117, 102, 46, 0]:0
[163, 121, 101, 42, 0]:0
[163, 121, 98, 42, 0]:0
[163, 150, 89, 13, 0]:0
[163, 126, 113, 37, 0]:0
[163, 110, 78, 53, 0]:0
[163, 125, 79, 38, 0]:0
[163, 130, 45, 33, 0]:0
[163, 129, 42, 34, 0]:0
[163, 101, 70, 62, 0]:0
[163, 117, 71, 46, 0]:0
[163, 121, 65, 42, 0]:0
[163, 158, 85, 5, 0]:0
[163, 117, 92, 46, 0]:0
[163, 101, 93, 62, 0]:0
[163, 113, 109, 50, 0]:0
[163, 125, 84, 38, 0]:0
[163, 110, 85, 53, 0]:0
[163, 109, 82, 54, 0]:0
[163, 129, 51, 34, 0]:0
[163, 109, 81, 54, 0]:0
[163, 154, 45, 9, 0]:0
[163, 153, 42, 10, 0]:0
[163, 153, 40, 10, 0]:0
[163, 159, 41, 4, 0]:0
[163, 114, 70, 49, 0]:0
[163, 133, 39, 30, 0]:0
[163, 129, 121, 34, 0]:0
[163, 142, 33, 21, 0]:0
[163, 161, 28, 2, 0]:0
[163, 114, 93, 49, 0]:0
[163, 150, 58, 13, 0]:0
[163, 162, 25, 1, 0]:0
[163, 155, 54, 8, 0]:0
[163, 150, 53, 13, 0]:0
[163, 146, 46, 17, 0]:0
[163, 154, 13, 9, 0]:0
[163, 145, 33, 18, 0]:0
[163, 161, 97, 2, 0]:0
[163, 157, 28, 6, 0]:0
[163, 138, 29, 25, 0]:0
[163, 159, 26, 4, 0]:0
[163, 137, 27, 26, 0]:0
[163, 154, 25, 9, 0]:0
[163, 143, 22, 20, 0]:0
[163, 153, 28, 10, 0]:0
[163, 159, 18, 4, 0]:0
[163, 146, 51, 17, 0]:0
[163, 129, 112, 34, 0]:0
[163, 146, 61, 17, 0]:0
[163, 155, 109, 8, 0]:0
[163, 133, 106, 30, 0]:0
[163, 155, 105, 8, 0]:0
[163, 142, 102, 21, 0]:0
[163, 133, 98, 30, 0]:0
[163, 159, 97, 4, 0]:0
[163, 133, 124, 30, 0]:0
[163, 129, 47, 34, 0]:0
[163, 153, 123, 10, 0]:0
[163, 153, 121, 10, 0]:0
[163, 154, 118, 9, 0]:0
[163, 130, 82, 33, 0]:0
[163, 130, 118, 33, 0]:0
[163, 130, 81, 33, 0]:0
[163, 158, 78, 5, 0]:0
[163, 145, 111, 18, 0]:0
[163, 129, 49, 34, 0]:0
[163, 142, 77, 21, 0]:0
[163, 93, 74, 70, 0]:0
[163, 135, 54, 28, 0]:0
[163, 146, 102, 17, 0]:0
[163, 133, 71, 30, 0]:0
[163, 145, 52, 18, 0]:0
[163, 154, 69, 9, 0]:0
[163, 159, 66, 4, 0]:0
[163, 133, 65, 30, 0]:0
[163, 154, 94, 9, 0]:0
[163, 153, 95, 10, 0]:0
[163, 133, 92, 30, 0]:0
[163, 158, 90, 5, 0]:0
[163, 129, 114, 34, 0]:0
[163, 93, 89, 70, 0]:0
[163, 142, 86, 21, 0]:0
[163, 93, 85, 70, 0]:0
[163, 146, 112, 17, 0]:0
[163, 117, 61, 46, 0]:0
[163, 162, 138, 1, 0]:0
[163, 161, 135, 2, 0]:0
[163, 150, 110, 13, 0]:0
