[283, 262, 86, 21, 0]:0
[283, 262, 257, 21, 0]:0
[283, 255, 137, 28, 0]:0
[283, 262, 61, 21, 0]:0
[283, 238, 58, 45, 0]:0
[283, 238, 57, 45, 0]:0
[283, 257, 238, 26, 0]:0
[283, 278, 66, 5, 0]:0
[283, 247, 41, 36, 0]:0
[283, 249, 37, 34, 0]:0
[283, 250, 62, 33, 0]:0
[283, 227, 58, 56, 0]:0
[283, 218, 94, 65, 0]:0
[283, 238, 109, 45, 0]:0
[283, 250, 221, 33, 0]:0
[283, 281, 90, 2, 0]:0
[283, 253, 54, 30, 0]:0
[283, 226, 110, 57, 0]:0
[283, 182, 105, 101, 0]:0
[283, 270, 90, 13, 0]:0
[283, 239, 69, 44, 0]:0
[283, 249, 96, 34, 0]:0
[283, 250, 126, 33, 0]:0
[283, 226, 125, 57, 0]:0
[283, 250, 122, 33, 0]:0
[283, 206, 106, 77, 0]:0
[283, 251, 118, 32, 0]:0
[283, 178, 114, 105, 0]:0
[283, 185, 126, 98, 0]:0
[283, 270, 46, 13, 0]:0
[283, 157, 153, 126, 0]:0
[283, 193, 162, 90, 0]:0
[283, 241, 70, 42, 0]:0
[283, 270, 39, 13, 0]:0
[283, 278, 262, 5, 0]:0
[283, 249, 93, 34, 0]:0
[283, 225, 122, 58, 0]:0
[283, 225, 89, 58, 0]:0
[283, 270, 54, 13, 0]:0
[283, 245, 82, 38, 0]:0
[283, 245, 81, 38, 0]:0
[283, 257, 45, 26, 0]:0
[283, 257, 42, 26, 0]:0
[283, 274, 41, 9, 0]:0
[283, 238, 135, 45, 0]:0
[283, 266, 37, 17, 0]:0
[283, 266, 246, 17, 0]:0
[283, 250, 161, 33, 0]:0
[283, 249, 190, 34, 0]:0
[283, 277, 60, 6, 0]:0
[283, 270, 29, 13, 0]:0
[283, 249, 187, 34, 0]:0
[283, 263, 54, 20, 0]:0
[283, 238, 148, 45, 0]:0
[283, 182, 178, 101, 0]:0
[283, 275, 130, 8, 0]:0
[283, 226, 158, 57, 0]:0
[283, 271, 110, 12, 0]:0
[283, 270, 106, 13, 0]:0
[283, 234, 136, 49, 0]:0
[283, 234, 137, 49, 0]:0
[283, 231, 133, 52, 0]:0
[283, 238, 226, 45, 0]:0
[283, 238, 225, 45, 0]:0
[283, 185, 157, 98, 0]:0
[283, 250, 157, 33, 0]:0
[283, 262, 26, 21, 0]:0
[283, 158, 153, 125, 0]:0
[283, 263, 22, 20, 0]:0
[283, 278, 21, 5, 0]:0
[283, 234, 146, 49, 0]:0
[283, 234, 147, 49, 0]:0
[283, 238, 174, 45, 0]:0
[283, 270, 113, 13, 0]:0
[283, 202, 110, 81, 0]:0
[283, 273, 71, 10, 0]:0
[283, 271, 77, 12, 0]:0
[283, 254, 138, 29, 0]:0
[283, 273, 104, 10, 0]:0
[283, 266, 105, 17, 0]:0
[283, 205, 193, 78, 0]:0
[283, 254, 133, 29, 0]:0
[283, 158, 130, 125, 0]:0
[283, 231, 150, 52, 0]:0
[283, 213, 97, 70, 0]:0
[283, 249, 246, 34, 0]:0
[283, 205, 90, 78, 0]:0
[283, 201, 123, 82, 0]:0
[283, 193, 121, 90, 0]:0
[283, 254, 150, 29, 0]:0
[283, 273, 119, 10, 0]:0
[283, 265, 116, 18, 0]:0
[283, 255, 146, 28, 0]:0
[283, 261, 115, 22, 0]:0
[283, 206, 81, 77, 0]:0
[283, 269, 117, 14, 0]:0
[283, 271, 173, 12, 0]:0
[283, 270, 170, 13, 0]:0
[283, 281, 73, 2, 0]:0
[283, 269, 166, 14, 0]:0
[283, 265, 71, 18, 0]:0
[283, 253, 229, 30, 0]:0
[283, 282, 66, 1, 0]:0
[283, 265, 67, 18, 0]:0
[283, 262, 65, 21, 0]:0
[283, 274, 94, 9, 0]:0
[283, 214, 93, 69, 0]:0
[283, 198, 90, 85, 0]:0
[283, 214, 86, 69, 0]:0
[283, 241, 213, 42, 0]:0
[283, 279, 81, 4, 0]:0
[283, 214, 197, 69, 0]:0
[283, 202, 173, 81, 0]:0
[283, 261, 168, 22, 0]:0
[283, 265, 167, 18, 0]:0
[283, 273, 164, 10, 0]:0
[283, 279, 162, 4, 0]:0
[283, 201, 160, 82, 0]:0
[283, 198, 161, 85, 0]:0
[283, 214, 190, 69, 0]:0
[283, 274, 189, 9, 0]:0
[283, 213, 186, 70, 0]:0
[283, 198, 193, 85, 0]:0
[283, 278, 178, 5, 0]:0
[283, 273, 179, 10, 0]:0
[283, 270, 237, 13]:0
[283, 262, 86, 21, 0]:0
[283, 262, 257, 21, 0]:0
[283, 255, 137, 28, 0]:0
[283, 262, 61, 21, 0]:0
[283, 238, 58, 45, 0]:0
[283, 238, 57, 45, 0]:0
[283, 257, 238, 26, 0]:0
[283, 278, 66, 5, 0]:0
[283, 247, 41, 36, 0]:0
[283, 249, 37, 34, 0]:0
[283, 250, 62, 33, 0]:0
[283, 227, 58, 56, 0]:0
[283, 218, 94, 65, 0]:0
[283, 238, 109, 45, 0]:0
[283, 250, 221, 33, 0]:0
[283, 281, 90, 2, 0]:0
[283, 253, 54, 30, 0]:0
[283, 226, 110, 57, 0]:0
[283, 182, 105, 101, 0]:0
[283, 270, 90, 13, 0]:0
[283, 239, 69, 44, 0]:0
[283, 249, 96, 34, 0]:0
[283, 250, 126, 33, 0]:0
[283, 226, 125, 57, 0]:0
[283, 250, 122, 33, 0]:0
[283, 206, 106, 77, 0]:0
[283, 251, 118, 32, 0]:0
[283, 178, 114, 105, 0]:0
[283, 185, 126, 98, 0]:0
[283, 270, 46, 13, 0]:0
[283, 157, 153, 126, 0]:0
[283, 193, 162, 90, 0]:0
[283, 241, 70, 42, 0]:0
[283, 270, 39, 13, 0]:0
[283, 278, 262, 5, 0]:0
[283, 249, 93, 34, 0]:0
[283, 225, 122, 58, 0]:0
[283, 225, 89, 58, 0]:0
[283, 270, 54, 13, 0]:0
[283, 245, 82, 38, 0]:0
[283, 245, 81, 38, 0]:0
[283, 257, 45, 26, 0]:0
[283, 257, 42, 26, 0]:0
[283, 274, 41, 9, 0]:0
[283, 238, 135, 45, 0]:0
[283, 266, 37, 17, 0]:0
[283, 266, 246, 17, 0]:0
[283, 250, 161, 33, 0]:0
[283, 249, 190, 34, 0]:0
[283, 277, 60, 6, 0]:0
[283, 270, 29, 13, 0]:0
[283, 249, 187, 34, 0]:0
[283, 263, 54, 20, 0]:0
[283, 238, 148, 45, 0]:0
[283, 182, 178, 101, 0]:0
[283, 275, 130, 8, 0]:0
[283, 226, 158, 57, 0]:0
[283, 271, 110, 12, 0]:0
[283, 270, 106, 13, 0]:0
[283, 234, 136, 49, 0]:0
[283, 234, 137, 49, 0]:0
[283, 231, 133, 52, 0]:0
[283, 238, 226, 45, 0]:0
[283, 238, 225, 45, 0]:0
[283, 185, 157, 98, 0]:0
[283, 250, 157, 33, 0]:0
[283, 262, 26, 21, 0]:0
[283, 158, 153, 125, 0]:0
[283, 263, 22, 20, 0]:0
[283, 278, 21, 5, 0]:0
[283, 234, 146, 49, 0]:0
[283, 234, 147, 49, 0]:0
[283, 238, 174, 45, 0]:0
[283, 270, 113, 13, 0]:0
[283, 202, 110, 81, 0]:0
[283, 273, 71, 10, 0]:0
[283, 271, 77, 12, 0]:0
[283, 254, 138, 29, 0]:0
[283, 273, 104, 10, 0]:0
[283, 266, 105, 17, 0]:0
[283, 205, 193, 78, 0]:0
[283, 254, 133, 29, 0]:0
[283, 158, 130, 125, 0]:0
[283, 231, 150, 52, 0]:0
[283, 213, 97, 70, 0]:0
[283, 249, 246, 34, 0]:0
[283, 205, 90, 78, 0]:0
[283, 201, 123, 82, 0]:0
[283, 193, 121, 90, 0]:0
[283, 254, 150, 29, 0]:0
[283, 273, 119, 10, 0]:0
[283, 265, 116, 18, 0]:0
[283, 255, 146, 28, 0]:0
[283, 261, 115, 22, 0]:0
[283, 206, 81, 77, 0]:0
[283, 269, 117, 14, 0]:0
[283, 271, 173, 12, 0]:0
[283, 270, 170, 13, 0]:0
[283, 281, 73, 2, 0]:0
[283, 269, 166, 14, 0]:0
[283, 265, 71, 18, 0]:0
[283, 253, 229, 30, 0]:0
[283, 282, 66, 1, 0]:0
[283, 265, 67, 18, 0]:0
[283, 262, 65, 21, 0]:0
[283, 274, 94, 9, 0]:0
[283, 214, 93, 69, 0]:0
[283, 198, 90, 85, 0]:0
[283, 214, 86, 69, 0]:0
[283, 241, 213, 42, 0]:0
[283, 279, 81, 4, 0]:0
[283, 214, 197, 69, 0]:0
[283, 202, 173, 81, 0]:0
[283, 261, 168, 22, 0]:0
[283, 265, 167, 18, 0]:0
[283, 273, 164, 10, 0]:0
[283, 279, 162, 4, 0]:0
[283, 201, 160, 82, 0]:0
[283, 198, 161, 85, 0]:0
[283, 214, 190, 69, 0]:0
[283, 274, 189, 9, 0]:0
[283, 213, 186, 70, 0]:0
[283, 198, 193, 85, 0]:0
[283, 278, 178, 5, 0]:0
[283, 273, 179, 10, 0]:0
[283, 270, 237, 13, 0]:0
[283, 198, 130, 85, 0]:0
[283, 279, 121, 4, 0]:0
[283, 239, 214, 44, 0]:0
[283, 226, 173, 57, 0]:0
[283, 198, 153, 85, 0]:0
[283, 225, 194, 58, 0]:0
[283, 247, 242, 36, 0]:0
[283, 178, 169, 105, 0]:0
[283, 263, 261, 20, 0]:0
[283, 245, 201, 38, 0]:0
[283, 254, 145, 29, 0]:0
[283, 218, 189, 65, 0]:0
[283, 251, 165, 32, 0]:0
[283, 226, 201, 57, 0]:0
[283, 266, 153, 17, 0]:0
[283, 245, 202, 38, 0]:0
[283, 225, 161, 58, 0]:0
