[132, 17, 16, 1, 0]:0
[855, 421, 420, 1, 0]:0
[383, 155, 154, 1, 0]:0
[912, 286, 285, 1, 0]:0
[1001, 413, 412, 1, 0]:0
[718, 265, 264, 1, 0]:0
[994, 414, 413, 1, 0]:0
[193, 15, 14, 1, 0]:0
[364, 45, 44, 1, 0]:0
[1022, 415, 414, 1, 0]:0
[143, 61, 60, 1, 0]:0
[145, 22, 21, 1, 0]:0
[836, 271, 270, 1, 0]:0
[203, 8, 7, 1, 0]:0
[148, 18, 17, 1, 0]:0
[983, 307, 306, 1, 0]:0
[455, 24, 23, 1, 0]:0
[1014, 400, 399, 1, 0]:0
[1009, 387, 386, 1, 0]:0
[86, 13, 12, 1, 0]:0
[809, 76, 75, 1, 0]:0
[611, 254, 253, 1, 0]:0
[225, 25, 24, 1, 0]:0
[362, 27, 26, 1, 0]:0
[156, 46, 45, 1, 0]:0
[969, 421, 420, 1, 0]:0
[716, 257, 256, 1, 0]:0
[60, 17, 16, 1, 0]:0
[821, 358, 357, 1, 0]:0
[983, 395, 394, 1, 0]:0
[918, 428, 427, 1, 0]:0
[218, 8, 7, 1, 0]:0
[206, 29, 28, 1, 0]:0
[187, 58, 57, 1, 0]:0
[761, 279, 278, 1, 0]:0
[742, 367, 366, 1, 0]:0
[213, 8, 7, 1, 0]:0
[492, 235, 234, 1, 0]:0
[231, 110, 109, 1, 0]:0
[155, 39, 38, 1, 0]:0
[729, 259, 258, 1, 0]:0
[360, 26, 25, 1, 0]:0
[692, 313, 312, 1, 0]:0
[191, 79, 78, 1, 0]:0
[780, 55, 54, 1, 0]:0
[929, 461, 460, 1, 0]:0
[737, 261, 260, 1, 0]:0
[295, 123, 122, 1, 0]:0
[767, 365, 364, 1, 0]:0
[178, 60, 59, 1, 0]:0
[748, 357, 356, 1, 0]:0
[801, 77, 76, 1, 0]:0
[193, 27, 26, 1, 0]:0
[790, 63, 62, 1, 0]:0
[239, 99, 98, 1, 0]:0
[806, 378, 377, 1, 0]:0
[892, 43, 42, 1, 0]:0
[105, 17, 16, 1, 0]:0
[966, 320, 319, 1, 0]:0
[422, 197, 196, 1, 0]:0
[188, 73, 72, 1, 0]:0
[1009, 249, 248, 1, 0]:0
[991, 408, 407, 1, 0]:0
[96, 20, 19, 1, 0]:0
[246, 107, 106, 1, 0]:0
[785, 62, 61, 1, 0]:0
[959, 142, 141, 1, 0]:0
[212, 27, 26, 1, 0]:0
[791, 58, 57, 1, 0]:0
[65, 4, 3, 1, 0]:0
[985, 114, 113, 1, 0]:0
[761, 131, 130, 1, 0]:0
[829, 4, 3, 1, 0]:0
[172, 13, 12, 1, 0]:0
[250, 100, 99, 1, 0]:0
[769, 49, 48, 1, 0]:0
[890, 286, 285, 1, 0]:0
[935, 416, 415, 1, 0]:0
[812, 68, 67, 1, 0]:0
[165, 31, 30, 1, 0]:0
[446, 59, 58, 1, 0]:0
[786, 32, 31, 1, 0]:0
[677, 31, 30, 1, 0]:0
[239, 114, 113, 1, 0]:0
[116, 23, 22, 1, 0]:0
[890, 58, 57, 1, 0]:0
[863, 40, 39, 1, 0]:0
[38, 6, 5, 1, 0]:0
[166, 82, 81, 1, 0]:0
[155, 36, 35, 1, 0]:0
[1005, 314, 313, 1, 0]:0
[393, 193, 192, 1, 0]:0
[1014, 505, 504, 1, 0]:0
[808, 274, 273, 1, 0]:0
[500, 249, 248, 1, 0]:0
[371, 16, 15, 1, 0]:0
[217, 103, 102, 1, 0]:0
[159, 67, 66, 1, 0]:0
[859, 36, 35, 1, 0]:0
[183, 53, 52, 1, 0]:0
[703, 337, 336, 1, 0]:0
[144, 70, 69, 1, 0]:0
[445, 58, 57, 1, 0]:0
[841, 378, 377, 1, 0]:0
[70, 28, 27, 1, 0]:0
[401, 197, 196, 1, 0]:0
[852, 148, 147, 1, 0]:0
[880, 52, 51, 1, 0]:0
[845, 54, 53, 1, 0]:0
[426, 50, 49, 1, 0]:0
[236, 69, 68, 1, 0]:0
[71, 28, 27, 1, 0]:0
[246, 79, 78, 1, 0]:0
[253, 76, 75, 1, 0]:0
[865, 9, 8, 1, 0]:0
[751, 321, 320, 1, 0]:0
[823, 399, 398, 1, 0]:0
[930, 4, 3, 1, 0]:0
[783, 110, 109, 1, 0]:0
[206, 77, 76, 1, 0]:0
[383, 23, 22, 1, 0]:0
[958, 430, 429, 1, 0]:0
[876, 29, 28, 1, 0]:0
[743, 13, 12, 1, 0]:0
[655, 157, 156, 1, 0]:0
[791, 23, 22, 1, 0]:0
[330, 16, 15, 1, 0]:0
[784, 274, 273, 1, 0]:0
[185, 49, 48, 1, 0]:0
[940, 30, 29, 1, 0]:0
[204, 74, 73, 1, 0]:0
[775, 109, 108, 1, 0]:0
[484, 219, 218, 1, 0]:0
[707, 332, 331, 1, 0]:0
[262, 97, 96, 1, 0]:0
[935, 393, 392, 1, 0]:0
[858, 22, 21, 1, 0]:0
[203, 70, 69, 1, 0]:0
[246, 95, 94, 1, 0]:0
[197, 72, 71, 1, 0]:0
[484, 169, 168, 1, 0]:0
[981, 370, 369, 1, 0]:0
[579, 64, 63, 1, 0]:0
[919, 46, 45, 1, 0]:0
[17, 5, 4, 1, 0]:0
[470, 204, 203, 1, 0]:0
[999, 424, 423, 1, 0]:0
[211, 78, 77, 1, 0]:0
[217, 73, 72, 1, 0]:0
[848, 398, 397, 1, 0]:0
[198, 65, 64, 1, 0]:0
[940, 397, 396, 1, 0]:0
[732, 325, 324, 1, 0]:0
[481, 211, 210, 1, 0]:0
[334, 27, 26, 1, 0]:0
[134, 62, 61, 1, 0]:0
[503, 175, 174, 1, 0]:0
[785, 148, 147, 1, 0]:0
[293, 96, 95, 1, 0]:0
[201, 92, 91, 1, 0]:0
[751, 298, 297, 1, 0]:0
[148, 63, 62, 1, 0]:0
[882, 22, 21, 1, 0]:0
[550, 85, 84, 1, 0]:0
[793, 97, 96, 1, 0]:0
[39, 10, 9, 1, 0]:0
[94, 25, 24, 1, 0]:0
[788, 112, 111, 1, 0]:0
[894, 106, 105, 1, 0]:0
[809, 69, 68, 1, 0]:0
[93, 26, 25, 1, 0]:0
[940, 321, 320, 1, 0]:0
[222, 88, 87, 1, 0]:0
[731, 346, 345, 1, 0]:0
[113, 25, 24, 1, 0]:0
[198, 82, 81, 1, 0]:0
[781, 52, 51, 1, 0]:0
[1023, 337, 336, 1, 0]:0
[846, 109, 108, 1, 0]:0
[52, 13, 12, 1, 0]:0
[133, 52, 51, 1, 0]:0
[788, 121, 120, 1, 0]:0
[993, 35, 34, 1, 0]:0
[964, 256, 255, 1, 0]:0
[951, 7, 6, 1, 0]:0
[831, 352, 351, 1, 0]:0
[153, 40, 39, 1, 0]:0
[1016, 426, 425, 1, 0]:0
[416, 144, 143, 1, 0]:0
[831, 80, 79, 1, 0]:0
[948, 92, 91, 1, 0]:0
[471, 97, 96, 1, 0]:0
[415, 183, 182, 1, 0]:0
[957, 16, 15, 1, 0]:0
[377, 18, 17, 1, 0]:0
[78, 37, 36, 1, 0]:0
[420, 131, 130, 1, 0]:0
[956, 29, 28, 1, 0]:0
[903, 8, 7, 1, 0]:0
[848, 412, 411, 1, 0]:0
[910, 31, 30, 1, 0]:0
[980, 43, 42, 1, 0]:0
[599, 281, 280, 1, 0]:0
[145, 13, 12, 1, 0]:0
[560, 210, 209, 1, 0]:0
[100, 15, 14, 1, 0]:0
[813, 326, 325, 1, 0]:0
[380, 141, 140, 1, 0]:0
[156, 53, 52, 1, 0]:0
[374, 64, 63, 1, 0]:0
[758, 114, 113, 1, 0]:0
[905, 27, 26, 1, 0]:0
[866, 76, 75, 1, 0]:0
[151, 37, 36, 1, 0]:0
[244, 40, 39, 1, 0]:0
[662, 85, 84, 1, 0]:0
[899, 27, 26, 1, 0]:0
[894, 76, 75, 1, 0]:0
[446, 71, 70, 1, 0]:0
[894, 74, 73, 1, 0]:0
[62, 18, 17, 1, 0]:0
[831, 331, 330, 1, 0]:0
[252, 35, 34, 1, 0]:0
[870, 68, 67, 1, 0]:0
[991, 300, 299, 1, 0]:0
[926, 23, 22, 1, 0]:0
[123, 14, 13, 1, 0]:0
[141, 11, 10, 1, 0]:0
[540, 259, 258, 1, 0]:0
[731, 35, 34, 1, 0]:0
[885, 74, 73, 1, 0]:0
[305, 113, 112, 1, 0]:0
[958, 319, 318, 1, 0]:0
[387, 148, 147, 1, 0]:0
[478, 81, 80, 1, 0]:0
[883, 72, 71, 1, 0]:0
[830, 161, 160, 1, 0]:0
[684, 265, 264, 1, 0]:0
[95, 17, 16, 1, 0]:0
[983, 53, 52, 1, 0]:0
[1007, 278, 277, 1, 0]:0
[341, 30, 29, 1, 0]:0
[799, 175, 174, 1, 0]:0
[840, 250, 249, 1, 0]:0
[785, 267, 266, 1, 0]:0
[500, 45, 44, 1, 0]:0
[684, 271, 270, 1, 0]:0
[463, 168, 167, 1, 0]:0
[66, 10, 9, 1, 0]:0
[908, 100, 99, 1, 0]:0
[206, 39, 38, 1, 0]:0
[934, 117, 116, 1, 0]:0
[900, 101, 100, 1, 0]:0
[223, 54, 53, 1, 0]:0
[617, 302, 301, 1, 0]:0
[939, 232, 231, 1, 0]:0
[1001, 17, 16, 1, 0]:0
[847, 93, 92, 1, 0]:0
[86, 18, 17, 1, 0]:0
[227, 46, 45, 1, 0]:0
[203, 40, 39, 1, 0]:0
[257, 117, 116, 1, 0]:0
[236, 54, 53, 1, 0]:0
[160, 19, 18, 1, 0]:0
[654, 20, 19, 1, 0]:0
[1009, 420, 419, 1, 0]:0
[917, 98, 97, 1, 0]:0
[732, 301, 300, 1, 0]:0
[791, 45, 44, 1, 0]:0
[294, 80, 79, 1, 0]:0
[679, 280, 279, 1, 0]:0
[833, 86, 85, 1, 0]:0
[68, 19, 18, 1, 0]:0
[734, 299, 298, 1, 0]:0
[973, 346, 345, 1, 0]:0
[743, 289, 288, 1, 0]:0
[161, 16, 15, 1, 0]:0
[580, 46, 45, 1, 0]:0
[975, 299, 298, 1, 0]:0
[513, 32, 31, 1, 0]:0
[206, 34, 33, 1, 0]:0
[785, 183, 182, 1, 0]:0
[512, 88, 87, 1, 0]:0
[849, 340, 339, 1, 0]:0
[203, 36, 35, 1, 0]:0
[806, 153, 152, 1, 0]:0
[363, 40, 39, 1, 0]:0
[1004, 382, 381, 1, 0]:0
[623, 50, 49, 1, 0]:0
[943, 276, 275, 1, 0]:0
[536, 210, 209, 1, 0]:0
[919, 309, 308, 1, 0]:0
[911, 95, 94, 1, 0]:0
[182, 28, 27, 1, 0]:0
[999, 361, 360, 1, 0]:0
[338, 22, 21, 1, 0]:0
[101, 7, 6, 1, 0]:0
[1023, 440, 439, 1, 0]:0
[839, 176, 175, 1, 0]:0
[827, 148, 147, 1, 0]:0
[206, 63, 62, 1, 0]:0
[992, 96, 95, 1, 0]:0
[965, 126, 125, 1, 0]:0
[580, 61, 60, 1, 0]:0
[479, 167, 166, 1, 0]:0
[49, 12, 11, 1, 0]:0
[335, 103, 102, 1, 0]:0
[853, 162, 161, 1, 0]:0
[913, 66, 65, 1, 0]:0
[129, 5, 4, 1, 0]:0
[591, 50, 49, 1, 0]:0
[335, 143, 142, 1, 0]:0
[853, 250, 249, 1, 0]:0
[514, 22, 21, 1, 0]:0
[991, 100, 99, 1, 0]:0
[291, 92, 91, 1, 0]:0
[809, 226, 225, 1, 0]:0
[548, 99, 98, 1, 0]:0
[178, 12, 11, 1, 0]:0
[1015, 441, 440, 1, 0]:0
[597, 58, 57, 1, 0]:0
[944, 19, 18, 1, 0]:0
[996, 65, 64, 1, 0]:0
[888, 388, 387, 1, 0]:0
[206, 60, 59, 1, 0]:0
[970, 76, 75, 1, 0]:0
[131, 60, 59, 1, 0]:0
[902, 173, 172, 1, 0]:0
[58, 6, 5, 1, 0]:0
[725, 160, 159, 1, 0]:0
[1006, 198, 197, 1, 0]:0
[833, 142, 141, 1, 0]:0
[723, 310, 309, 1, 0]:0
[911, 260, 259, 1, 0]:0
[754, 312, 311, 1, 0]:0
[641, 44, 43, 1, 0]:0
[772, 328, 327, 1, 0]:0
[958, 186, 185, 1, 0]:0
[782, 225, 224, 1, 0]:0
[989, 300, 299, 1, 0]:0
[94, 6, 5, 1, 0]:0
[956, 185, 184, 1, 0]:0
[1022, 87, 86, 1, 0]:0
[221, 35, 34, 1, 0]:0
[535, 106, 105, 1, 0]:0
[79, 34, 33, 1, 0]:0
[650, 63, 62, 1, 0]:0
[273, 113, 112, 1, 0]:0
[595, 10, 9, 1, 0]:0
[391, 189, 188, 1, 0]:0
[796, 228, 227, 1, 0]:0
[932, 387, 386, 1, 0]:0
[787, 232, 231, 1, 0]:0
[274, 79, 78, 1, 0]:0
[609, 64, 63, 1, 0]:0
[815, 389, 388, 1, 0]:0
[299, 67, 66, 1, 0]:0
[918, 163, 162, 1, 0]:0
[533, 100, 99, 1, 0]:0
[438, 148, 147, 1, 0]:0
[575, 78, 77, 1, 0]:0
[285, 128, 127, 1, 0]:0
[256, 100, 99, 1, 0]:0
[235, 10, 9, 1, 0]:0
[764, 279, 278, 1, 0]:0
[929, 279, 278, 1, 0]:0
[769, 249, 248, 1, 0]:0
[920, 386, 385, 1, 0]:0
[907, 178, 177, 1, 0]:0
[828, 200, 199, 1, 0]:0
[97, 33, 32, 1, 0]:0
[943, 159, 158, 1, 0]:0
[981, 179, 178, 1, 0]:0
[831, 197, 196, 1, 0]:0
[528, 122, 121, 1, 0]:0
[29, 7, 6, 1, 0]:0
[603, 20, 19, 1, 0]:0
[527, 165, 164, 1, 0]:0
[550, 91, 90, 1, 0]:0
[982, 82, 81, 1, 0]:0
[913, 181, 180, 1, 0]:0
[143, 21, 20, 1, 0]:0
[1021, 190, 189, 1, 0]:0
[948, 433, 432, 1, 0]:0
[866, 18, 17, 1, 0]:0
[759, 179, 178, 1, 0]:0
[771, 202, 201, 1, 0]:0
[33, 13, 12, 1, 0]:0
[390, 152, 151, 1, 0]:0
[790, 333, 332, 1, 0]:0
[650, 3, 2, 1, 0]:0
[839, 229, 228, 1, 0]:0
[970, 484, 483, 1, 0]:0
[492, 13, 12, 1, 0]:0
[18, 7, 6, 1, 0]:0
[925, 67, 66, 1, 0]:0
[776, 208, 207, 1, 0]:0
[866, 216, 215, 1, 0]:0
[951, 427, 426, 1, 0]:0
[567, 86, 85, 1, 0]:0
[615, 77, 76, 1, 0]:0
[169, 39, 38, 1, 0]:0
[542, 95, 94, 1, 0]:0
[765, 32, 31, 1, 0]:0
[201, 53, 52, 1, 0]:0
[749, 7, 6, 1, 0]:0
[838, 249, 248, 1, 0]:0
[705, 8, 7, 1, 0]:0
[648, 23, 22, 1, 0]:0
[871, 54, 53, 1, 0]:0
[289, 81, 80, 1, 0]:0
[460, 121, 120, 1, 0]:0
[924, 385, 384, 1, 0]:0
[1007, 25, 24, 1, 0]:0
[913, 129, 128, 1, 0]:0
[430, 105, 104, 1, 0]:0
[167, 35, 34, 1, 0]:0
[516, 86, 85, 1, 0]:0
[881, 224, 223, 1, 0]:0
[600, 122, 121, 1, 0]:0
[885, 374, 373, 1, 0]:0
[849, 254, 253, 1, 0]:0
[737, 5, 4, 1, 0]:0
[75, 11, 10, 1, 0]:0
[801, 397, 396, 1, 0]:0
[534, 89, 88, 1, 0]:0
[527, 173, 172, 1, 0]:0
[316, 81, 80, 1, 0]:0
[875, 192, 191, 1, 0]:0
[976, 186, 185, 1, 0]:0
[113, 41, 40, 1, 0]:0
[980, 183, 182, 1, 0]:0
[821, 382, 381, 1, 0]:0
[379, 114, 113, 1, 0]:0
[833, 241, 240, 1, 0]:0
[815, 183, 182, 1, 0]:0
[959, 255, 254, 1, 0]:0
[975, 134, 133, 1, 0]:0
[888, 208, 207, 1, 0]:0
[498, 76, 75, 1, 0]:0
[665, 64, 63, 1, 0]:0
[1007, 470, 469, 1, 0]:0
[588, 68, 67, 1, 0]:0
[558, 178, 177, 1, 0]:0
[993, 341, 340, 1, 0]:0
[153, 25, 24, 1, 0]:0
[723, 32, 31, 1, 0]:0
[533, 174, 173, 1, 0]:0
[297, 5, 4, 1, 0]:0
[876, 209, 208, 1, 0]:0
[1004, 414, 413, 1, 0]:0
[966, 131, 130, 1, 0]:0
[71, 23, 22, 1, 0]:0
[709, 4, 3, 1, 0]:0
[743, 18, 17, 1, 0]:0
[446, 109, 108, 1, 0]:0
[612, 82, 81, 1, 0]:0
[857, 200, 199, 1, 0]:0
[744, 110, 109, 1, 0]:0
[750, 284, 283, 1, 0]:0
[721, 9, 8, 1, 0]:0
[726, 5, 4, 1, 0]:0
[266, 86, 85, 1, 0]:0
[860, 407, 406, 1, 0]:0
[657, 103, 102, 1, 0]:0
[741, 292, 291, 1, 0]:0
[636, 175, 174, 1, 0]:0
[391, 183, 182, 1, 0]:0
[267, 86, 85, 1, 0]:0
[773, 368, 367, 1, 0]:0
[1015, 435, 434, 1, 0]:0
[836, 217, 216, 1, 0]:0
[745, 103, 102, 1, 0]:0
[498, 128, 127, 1, 0]:0
[742, 357, 356, 1, 0]:0
[559, 130, 129, 1, 0]:0
[319, 129, 128, 1, 0]:0
[1006, 480, 479, 1, 0]:0
[1006, 258, 257, 1, 0]:0
[558, 157, 156, 1, 0]:0
[151, 3, 2, 1, 0]:0
[1005, 254, 253, 1, 0]:0
[900, 241, 240, 1, 0]:0
[975, 236, 235, 1, 0]:0
[756, 262, 261, 1, 0]:0
[694, 70, 69, 1, 0]:0
[705, 17, 16, 1, 0]:0
[457, 103, 102, 1, 0]:0
[350, 121, 120, 1, 0]:0
[431, 71, 70, 1, 0]:0
[743, 125, 124, 1, 0]:0
[889, 211, 210, 1, 0]:0
[526, 135, 134, 1, 0]:0
[553, 154, 153, 1, 0]:0
[689, 69, 68, 1, 0]:0
[860, 423, 422, 1, 0]:0
[918, 284, 283, 1, 0]:0
[403, 150, 149, 1, 0]:0
[1019, 506, 505, 1, 0]:0
[795, 346, 345, 1, 0]:0
[969, 229, 228, 1, 0]:0
[1020, 239, 238, 1, 0]:0
[947, 222, 221, 1, 0]:0
[878, 351, 350, 1, 0]:0
[708, 100, 99, 1, 0]:0
[1017, 250, 249, 1, 0]:0
[1005, 272, 271, 1, 0]:0
[710, 265, 264, 1, 0]:0
[945, 218, 217, 1, 0]:0
[906, 220, 219, 1, 0]:0
[521, 157, 156, 1, 0]:0
[798, 385, 384, 1, 0]:0
[484, 154, 153, 1, 0]:0
[975, 29, 28, 1, 0]:0
[530, 132, 131, 1, 0]:0
[900, 217, 216, 1, 0]:0
[418, 162, 161, 1, 0]:0
[917, 260, 259, 1, 0]:0
[438, 65, 64, 1, 0]:0
[865, 27, 26, 1, 0]:0
[742, 241, 240, 1, 0]:0
[715, 7, 6, 1, 0]:0
[911, 364, 363, 1, 0]:0
[726, 121, 120, 1, 0]:0
[85, 30, 29, 1, 0]:0
[1024, 382, 381, 1, 0]:0
[1001, 208, 207, 1, 0]:0
[908, 146, 145, 1, 0]:0
[614, 157, 156, 1, 0]:0
[656, 248, 247, 1, 0]:0
[733, 96, 95, 1, 0]:0
[938, 380, 379, 1, 0]:0
[713, 71, 70, 1, 0]:0
[590, 130, 129, 1, 0]:0
[896, 320, 319, 1, 0]:0
[719, 257, 256, 1, 0]:0
[521, 227, 226, 1, 0]:0
[703, 183, 182, 1, 0]:0
[577, 133, 132, 1, 0]:0
[960, 196, 195, 1, 0]:0
[700, 343, 342, 1, 0]:0
[809, 391, 390, 1, 0]:0
[389, 154, 153, 1, 0]:0
[515, 240, 239, 1, 0]:0
[712, 258, 257, 1, 0]:0
[716, 89, 88, 1, 0]:0
[302, 63, 62, 1, 0]:0
[966, 217, 216, 1, 0]:0
[325, 76, 75, 1, 0]:0
[196, 3, 2, 1, 0]:0
[741, 290, 289, 1, 0]:0
[463, 105, 104, 1, 0]:0
[687, 130, 129, 1, 0]:0
[615, 229, 228, 1, 0]:0
[917, 346, 345, 1, 0]:0
[584, 147, 146, 1, 0]:0
[417, 125, 124, 1, 0]:0
[953, 295, 294, 1, 0]:0
[1006, 277, 276, 1, 0]:0
[993, 227, 226, 1, 0]:0
[614, 255, 254, 1, 0]:0
[76, 36, 35, 1, 0]:0
[647, 143, 142, 1, 0]:0
[684, 155, 154, 1, 0]:0
[646, 141, 140, 1, 0]:0
[542, 171, 170, 1, 0]:0
[543, 224, 223, 1, 0]:0
[548, 219, 218, 1, 0]:0
[27, 8, 7, 1, 0]:0
[983, 294, 293, 1, 0]:0
[288, 83, 82, 1, 0]:0
[972, 235, 234, 1, 0]:0
[54, 20, 19, 1, 0]:0
[66, 32, 31, 1, 0]:0
[286, 130, 129, 1, 0]:0
[567, 218, 217, 1, 0]:0
[627, 251, 250, 1, 0]:0
[764, 181, 180, 1, 0]:0
[801, 46, 45, 1, 0]:0
[758, 183, 182, 1, 0]:0
[85, 28, 27, 1, 0]:0
[678, 238, 237, 1, 0]:0
[14, 5, 4, 1, 0]:0
[713, 187, 186, 1, 0]:0
[751, 135, 134, 1, 0]:0
[999, 367, 366, 1, 0]:0
[721, 163, 162, 1, 0]:0
[518, 215, 214, 1, 0]:0
[812, 313, 312, 1, 0]:0
[313, 114, 113, 1, 0]:0
[961, 22, 21, 1, 0]:0
[703, 231, 230, 1, 0]:0
[86, 26, 25, 1, 0]:0
[585, 169, 168, 1, 0]:0
[121, 48, 47, 1, 0]:0
[599, 247, 246, 1, 0]:0
[986, 486, 485, 1, 0]:0
[983, 386, 385, 1, 0]:0
[110, 25, 24, 1, 0]:0
[665, 147, 146, 1, 0]:0
[584, 202, 201, 1, 0]:0
[591, 199, 198, 1, 0]:0
[77, 10, 9, 1, 0]:0
[77, 30, 29, 1, 0]:0
[101, 18, 17, 1, 0]:0
[657, 148, 147, 1, 0]:0
[739, 24, 23, 1, 0]:0
[750, 203, 202, 1, 0]:0
[47, 13, 12, 1, 0]:0
[737, 153, 152, 1, 0]:0
[12, 5, 4, 1, 0]:0
[698, 250, 249, 1, 0]:0
[755, 274, 273, 1, 0]:0
[293, 130, 129, 1, 0]:0
[759, 155, 154, 1, 0]:0
[441, 119, 118, 1, 0]:0
[79, 9, 8, 1, 0]:0
[453, 152, 151, 1, 0]:0
[335, 91, 90, 1, 0]:0
[735, 287, 286, 1, 0]:0
[108, 43, 42, 1, 0]:0
[942, 413, 412, 1, 0]:0
[111, 52, 51, 1, 0]:0
[299, 47, 46, 1, 0]:0
[246, 109, 108, 1, 0]:0
[294, 44, 43, 1, 0]:0
[303, 37, 36, 1, 0]:0
[34, 15, 14, 1, 0]:0
[304, 46, 45, 1, 0]:0
[783, 299, 298, 1, 0]:0
[831, 290, 289, 1, 0]:0
[806, 316, 315, 1, 0]:0
[771, 302, 301, 1, 0]:0
[257, 45, 44, 1, 0]:0
[291, 59, 58, 1, 0]:0
[764, 232, 231, 1, 0]:0
[302, 51, 50, 1, 0]:0
[801, 314, 313, 1, 0]:0
[260, 39, 38, 1, 0]:0
[726, 233, 232, 1, 0]:0
[280, 42, 41, 1, 0]:0
[814, 16, 15, 1, 0]:0
[811, 271, 270, 1, 0]:0
[284, 37, 36, 1, 0]:0
[768, 290, 289, 1, 0]:0
[361, 45, 44, 1, 0]:0
[295, 13, 12, 1, 0]:0
[355, 46, 45, 1, 0]:0
[278, 34, 33, 1, 0]:0
[271, 54, 53, 1, 0]:0
[290, 11, 10, 1, 0]:0
[791, 289, 288, 1, 0]:0
[288, 11, 10, 1, 0]:0
[358, 39, 38, 1, 0]:0
[830, 266, 265, 1, 0]:0
[283, 60, 59, 1, 0]:0
[264, 52, 51, 1, 0]:0
[265, 52, 51, 1, 0]:0
[315, 10, 9, 1, 0]:0
[284, 56, 55, 1, 0]:0
[332, 47, 46, 1, 0]:0
[305, 13, 12, 1, 0]:0
[303, 29, 28, 1, 0]:0
[298, 30, 29, 1, 0]:0
[265, 15, 14, 1, 0]:0
[335, 42, 41, 1, 0]:0
[259, 15, 14, 1, 0]:0
[779, 270, 269, 1, 0]:0
[264, 10, 9, 1, 0]:0
[375, 34, 33, 1, 0]:0
[266, 7, 6, 1, 0]:0
[310, 16, 15, 1, 0]:0
[353, 59, 58, 1, 0]:0
[311, 31, 30, 1, 0]:0
[364, 51, 50, 1, 0]:0
[295, 22, 21, 1, 0]:0
[801, 280, 279, 1, 0]:0
[340, 45, 44, 1, 0]:0
[160, 70, 69, 1, 0]:0
[268, 16, 15, 1, 0]:0
[282, 8, 7, 1, 0]:0
[383, 54, 53, 1, 0]:0
[268, 30, 29, 1, 0]:0
[356, 49, 48, 1, 0]:0
[367, 12, 11, 1, 0]:0
[263, 31, 30, 1, 0]:0
[932, 303, 302, 1, 0]:0
[278, 5, 4, 1, 0]:0
[279, 5, 4, 1, 0]:0
[364, 9, 8, 1, 0]:0
[273, 7, 6, 1, 0]:0
[430, 39, 38, 1, 0]:0
[314, 64, 63, 1, 0]:0
[363, 8, 7, 1, 0]:0
[320, 60, 59, 1, 0]:0
[423, 41, 40, 1, 0]:0
[656, 246, 245, 1, 0]:0
[297, 103, 102, 1, 0]:0
[959, 297, 296, 1, 0]:0
[260, 21, 20, 1, 0]:0
[355, 6, 5, 1, 0]:0
[257, 65, 64, 1, 0]:0
[436, 43, 42, 1, 0]:0
[274, 27, 26, 1, 0]:0
[275, 27, 26, 1, 0]:0
[332, 13, 12, 1, 0]:0
[275, 26, 25, 1, 0]:0
[316, 100, 99, 1, 0]:0
[261, 64, 63, 1, 0]:0
[266, 108, 107, 1, 0]:0
[297, 125, 124, 1, 0]:0
[366, 25, 24, 1, 0]:0
[275, 23, 22, 1, 0]:0
[310, 99, 98, 1, 0]:0
[321, 14, 13, 1, 0]:0
[420, 59, 58, 1, 0]:0
[310, 97, 96, 1, 0]:0
[321, 94, 93, 1, 0]:0
[296, 34, 33, 1, 0]:0
[951, 304, 303, 1, 0]:0
[268, 100, 99, 1, 0]:0
[349, 12, 11, 1, 0]:0
[262, 102, 101, 1, 0]:0
[190, 70, 69, 1, 0]:0
[278, 109, 108, 1, 0]:0
[285, 106, 105, 1, 0]:0
[356, 21, 20, 1, 0]:0
[311, 124, 123, 1, 0]:0
[263, 99, 98, 1, 0]:0
[444, 55, 54, 1, 0]:0
[272, 108, 107, 1, 0]:0
[441, 56, 55, 1, 0]:0
[318, 116, 115, 1, 0]:0
[318, 115, 114, 1, 0]:0
[271, 123, 122, 1, 0]:0
[810, 332, 331, 1, 0]:0
[380, 18, 17, 1, 0]:0
[302, 72, 71, 1, 0]:0
[363, 106, 105, 1, 0]:0
[262, 123, 122, 1, 0]:0
[317, 96, 95, 1, 0]:0
[338, 4, 3, 1, 0]:0
[361, 105, 104, 1, 0]:0
[330, 23, 22, 1, 0]:0
[353, 108, 107, 1, 0]:0
[482, 42, 41, 1, 0]:0
[855, 272, 271, 1, 0]:0
[852, 272, 271, 1, 0]:0
[279, 127, 126, 1, 0]:0
[399, 50, 49, 1, 0]:0
[348, 26, 25, 1, 0]:0
[297, 68, 67, 1, 0]:0
[348, 25, 24, 1, 0]:0
[903, 308, 307, 1, 0]:0
[942, 85, 84, 1, 0]:0
[348, 23, 22, 1, 0]:0
[305, 77, 76, 1, 0]:0
[338, 27, 26, 1, 0]:0
[392, 15, 14, 1, 0]:0
[793, 375, 374, 1, 0]:0
[894, 355, 354, 1, 0]:0
[377, 102, 101, 1, 0]:0
[276, 119, 118, 1, 0]:0
[440, 4, 3, 1, 0]:0
[343, 21, 20, 1, 0]:0
[364, 121, 120, 1, 0]:0
[417, 31, 30, 1, 0]:0
[486, 59, 58, 1, 0]:0
[447, 31, 30, 1, 0]:0
[303, 86, 85, 1, 0]:0
[335, 101, 100, 1, 0]:0
[818, 322, 321, 1, 0]:0
[495, 52, 51, 1, 0]:0
[292, 88, 87, 1, 0]:0
[503, 63, 62, 1, 0]:0
[364, 115, 114, 1, 0]:0
[447, 26, 25, 1, 0]:0
[334, 97, 96, 1, 0]:0
[263, 69, 68, 1, 0]:0
[454, 36, 35, 1, 0]:0
[377, 123, 122, 1, 0]:0
[326, 99, 98, 1, 0]:0
[452, 35, 34, 1, 0]:0
[1003, 288, 287, 1, 0]:0
[486, 49, 48, 1, 0]:0
[491, 15, 14, 1, 0]:0
[482, 50, 49, 1, 0]:0
[305, 91, 90, 1, 0]:0
[441, 22, 21, 1, 0]:0
[338, 104, 103, 1, 0]:0
[263, 94, 93, 1, 0]:0
[416, 64, 63, 1, 0]:0
[277, 70, 69, 1, 0]:0
[438, 20, 19, 1, 0]:0
[427, 106, 105, 1, 0]:0
[360, 74, 73, 1, 0]:0
[461, 56, 55, 1, 0]:0
[356, 75, 74, 1, 0]:0
[352, 76, 75, 1, 0]:0
[479, 61, 60, 1, 0]:0
[500, 49, 48, 1, 0]:0
[281, 95, 94, 1, 0]:0
[368, 114, 113, 1, 0]:0
[481, 10, 9, 1, 0]:0
[836, 375, 374, 1, 0]:0
[391, 22, 21, 1, 0]:0
[416, 104, 103, 1, 0]:0
[357, 70, 69, 1, 0]:0
[354, 70, 69, 1, 0]:0
[785, 351, 350, 1, 0]:0
[492, 16, 15, 1, 0]:0
[279, 91, 90, 1, 0]:0
[878, 349, 348, 1, 0]:0
[895, 325, 324, 1, 0]:0
[276, 89, 88, 1, 0]:0
[329, 79, 78, 1, 0]:0
[301, 148, 147, 1, 0]:0
[471, 55, 54, 1, 0]:0
[398, 106, 105, 1, 0]:0
[495, 26, 25, 1, 0]:0
[286, 81, 80, 1, 0]:0
[390, 94, 93, 1, 0]:0
[448, 15, 14, 1, 0]:0
[439, 100, 99, 1, 0]:0
[356, 92, 91, 1, 0]:0
[503, 3, 2, 1, 0]:0
[461, 7, 6, 1, 0]:0
[428, 118, 117, 1, 0]:0
[385, 108, 107, 1, 0]:0
[332, 122, 121, 1, 0]:0
[355, 90, 89, 1, 0]:0
[398, 98, 97, 1, 0]:0
[465, 49, 48, 1, 0]:0
[494, 17, 16, 1, 0]:0
[369, 80, 79, 1, 0]:0
[476, 9, 8, 1, 0]:0
[433, 127, 126, 1, 0]:0
[110, 47, 46, 1, 0]:0
[391, 99, 98, 1, 0]:0
[412, 103, 102, 1, 0]:0
[393, 97, 96, 1, 0]:0
[470, 9, 8, 1, 0]:0
[439, 121, 120, 1, 0]:0
[890, 342, 341, 1, 0]:0
[455, 16, 15, 1, 0]:0
[494, 107, 106, 1, 0]:0
[485, 64, 63, 1, 0]:0
[438, 118, 117, 1, 0]:0
[393, 125, 124, 1, 0]:0
[106, 43, 42, 1, 0]:0
[375, 85, 84, 1, 0]:0
[420, 77, 76, 1, 0]:0
[495, 104, 103, 1, 0]:0
[382, 175, 174, 1, 0]:0
[391, 123, 122, 1, 0]:0
[326, 90, 89, 1, 0]:0
[609, 301, 300, 1, 0]:0
[430, 69, 68, 1, 0]:0
[47, 5, 4, 1, 0]:0
[44, 5, 4, 1, 0]:0
[433, 115, 114, 1, 0]:0
[494, 99, 98, 1, 0]:0
[631, 303, 302, 1, 0]:0
[466, 16, 15, 1, 0]:0
[463, 18, 17, 1, 0]:0
[860, 346, 345, 1, 0]:0
[41, 4, 3, 1, 0]:0
[508, 105, 104, 1, 0]:0
[47, 16, 15, 1, 0]:0
[96, 38, 37, 1, 0]:0
[428, 95, 94, 1, 0]:0
[404, 122, 121, 1, 0]:0
[325, 82, 81, 1, 0]:0
[474, 22, 21, 1, 0]:0
[103, 48, 47, 1, 0]:0
[502, 103, 102, 1, 0]:0
[35, 10, 9, 1, 0]:0
[494, 122, 121, 1, 0]:0
[407, 118, 117, 1, 0]:0
[342, 85, 84, 1, 0]:0
[119, 37, 36, 1, 0]:0
[127, 48, 47, 1, 0]:0
[400, 118, 117, 1, 0]:0
[61, 16, 15, 1, 0]:0
[52, 3, 2, 1, 0]:0
[305, 133, 132, 1, 0]:0
[118, 33, 32, 1, 0]:0
[335, 165, 164, 1, 0]:0
[370, 162, 161, 1, 0]:0
[417, 91, 90, 1, 0]:0
[336, 82, 81, 1, 0]:0
[497, 98, 97, 1, 0]:0
[362, 180, 179, 1, 0]:0
[45, 19, 18, 1, 0]:0
[394, 67, 66, 1, 0]:0
[388, 69, 68, 1, 0]:0
[489, 115, 114, 1, 0]:0
[422, 83, 82, 1, 0]:0
[391, 67, 66, 1, 0]:0
[278, 138, 137, 1, 0]:0
[387, 68, 67, 1, 0]:0
[120, 56, 55, 1, 0]:0
[119, 57, 56, 1, 0]:0
[68, 33, 32, 1, 0]:0
[23, 8, 7, 1, 0]:0
[598, 295, 294, 1, 0]:0
[485, 96, 95, 1, 0]:0
[164, 47, 46, 1, 0]:0
[89, 37, 36, 1, 0]:0
[102, 13, 12, 1, 0]:0
[23, 5, 4, 1, 0]:0
[104, 11, 10, 1, 0]:0
[283, 130, 129, 1, 0]:0
[80, 38, 37, 1, 0]:0
[594, 292, 291, 1, 0]:0
[109, 7, 6, 1, 0]:0
[566, 273, 272, 1, 0]:0
[485, 74, 73, 1, 0]:0
[404, 65, 64, 1, 0]:0
[441, 175, 174, 1, 0]:0
[376, 142, 141, 1, 0]:0
[473, 126, 125, 1, 0]:0
[628, 271, 270, 1, 0]:0
[441, 173, 172, 1, 0]:0
[116, 14, 13, 1, 0]:0
[115, 15, 14, 1, 0]:0
[640, 216, 215, 1, 0]:0
[387, 86, 85, 1, 0]:0
[446, 167, 166, 1, 0]:0
[461, 96, 95, 1, 0]:0
[460, 79, 78, 1, 0]:0
[113, 13, 12, 1, 0]:0
[352, 132, 131, 1, 0]:0
[45, 4, 3, 1, 0]:0
[428, 189, 188, 1, 0]:0
[455, 96, 95, 1, 0]:0
[580, 271, 270, 1, 0]:0
[692, 327, 326, 1, 0]:0
[356, 158, 157, 1, 0]:0
[431, 185, 184, 1, 0]:0
[406, 84, 83, 1, 0]:0
[449, 79, 78, 1, 0]:0
[94, 15, 14, 1, 0]:0
[93, 32, 31, 1, 0]:0
[636, 287, 286, 1, 0]:0
[163, 60, 59, 1, 0]:0
[66, 11, 10, 1, 0]:0
[71, 9, 8, 1, 0]:0
[92, 13, 12, 1, 0]:0
[443, 190, 189, 1, 0]:0
[305, 57, 56, 1, 0]:0
[581, 264, 263, 1, 0]:0
[66, 8, 7, 1, 0]:0
[185, 61, 60, 1, 0]:0
[420, 182, 181, 1, 0]:0
[375, 157, 156, 1, 0]:0
[422, 180, 179, 1, 0]:0
[99, 22, 21, 1, 0]:0
[80, 14, 13, 1, 0]:0
[101, 20, 19, 1, 0]:0
[74, 16, 15, 1, 0]:0
[651, 304, 303, 1, 0]:0
[384, 164, 163, 1, 0]:0
[351, 133, 132, 1, 0]:0
[70, 16, 15, 1, 0]:0
[71, 16, 15, 1, 0]:0
[236, 44, 43, 1, 0]:0
[161, 50, 49, 1, 0]:0
[598, 262, 261, 1, 0]:0
[131, 48, 47, 1, 0]:0
[118, 21, 20, 1, 0]:0
[145, 40, 39, 1, 0]:0
[84, 5, 4, 1, 0]:0
[155, 34, 33, 1, 0]:0
[384, 190, 189, 1, 0]:0
[903, 443, 442, 1, 0]:0
[650, 312, 311, 1, 0]:0
[375, 146, 145, 1, 0]:0
[68, 26, 25, 1, 0]:0
[155, 63, 62, 1, 0]:0
[510, 172, 171, 1, 0]:0
[321, 155, 154, 1, 0]:0
[404, 176, 175, 1, 0]:0
[145, 34, 33, 1, 0]:0
[398, 178, 177, 1, 0]:0
[423, 134, 133, 1, 0]:0
[342, 157, 156, 1, 0]:0
[191, 9, 8, 1, 0]:0
[92, 25, 24, 1, 0]:0
[89, 27, 26, 1, 0]:0
[462, 175, 174, 1, 0]:0
[141, 32, 31, 1, 0]:0
[146, 60, 59, 1, 0]:0
[81, 29, 28, 1, 0]:0
[94, 21, 20, 1, 0]:0
[81, 28, 27, 1, 0]:0
[242, 42, 41, 1, 0]:0
[201, 47, 46, 1, 0]:0
[92, 20, 19, 1, 0]:0
[433, 138, 137, 1, 0]:0
[198, 46, 45, 1, 0]:0
[199, 46, 45, 1, 0]:0
[200, 44, 43, 1, 0]:0
[393, 140, 139, 1, 0]:0
[164, 29, 28, 1, 0]:0
[171, 26, 25, 1, 0]:0
[200, 42, 41, 1, 0]:0
[921, 434, 433, 1, 0]:0
[138, 8, 7, 1, 0]:0
[393, 137, 136, 1, 0]:0
[452, 170, 169, 1, 0]:0
[191, 29, 28, 1, 0]:0
[226, 58, 57, 1, 0]:0
[147, 50, 49, 1, 0]:0
[164, 24, 23, 1, 0]:0
[169, 22, 21, 1, 0]:0
[668, 267, 266, 1, 0]:0
[675, 280, 279, 1, 0]:0
[966, 421, 420, 1, 0]:0
[171, 19, 18, 1, 0]:0
[234, 50, 49, 1, 0]:0
[195, 38, 37, 1, 0]:0
[220, 40, 39, 1, 0]:0
[511, 183, 182, 1, 0]:0
[734, 294, 293, 1, 0]:0
[239, 14, 13, 1, 0]:0
[186, 23, 22, 1, 0]:0
[151, 9, 8, 1, 0]:0
[196, 33, 32, 1, 0]:0
[459, 190, 189, 1, 0]:0
[224, 50, 49, 1, 0]:0
[141, 28, 27, 1, 0]:0
[190, 18, 17, 1, 0]:0
[441, 149, 148, 1, 0]:0
[732, 290, 289, 1, 0]:0
[197, 62, 61, 1, 0]:0
[206, 56, 55, 1, 0]:0
[415, 144, 143, 1, 0]:0
[132, 28, 27, 1, 0]:0
[223, 63, 62, 1, 0]:0
[766, 270, 269, 1, 0]:0
[158, 29, 28, 1, 0]:0
[663, 257, 256, 1, 0]:0
[482, 138, 137, 1, 0]:0
[671, 284, 283, 1, 0]:0
[158, 27, 26, 1, 0]:0
[479, 187, 186, 1, 0]:0
[178, 64, 63, 1, 0]:0
[157, 27, 26, 1, 0]:0
[156, 26, 25, 1, 0]:0
[821, 398, 397, 1, 0]:0
[212, 61, 60, 1, 0]:0
[145, 31, 30, 1, 0]:0
[488, 130, 129, 1, 0]:0
[733, 312, 311, 1, 0]:0
[474, 184, 183, 1, 0]:0
[253, 7, 6, 1, 0]:0
[726, 313, 312, 1, 0]:0
[239, 29, 28, 1, 0]:0
[464, 187, 186, 1, 0]:0
[661, 280, 279, 1, 0]:0
[490, 156, 155, 1, 0]:0
[385, 145, 144, 1, 0]:0
[454, 141, 140, 1, 0]:0
[237, 26, 25, 1, 0]:0
[224, 31, 30, 1, 0]:0
[233, 27, 26, 1, 0]:0
[214, 51, 50, 1, 0]:0
[233, 26, 25, 1, 0]:0
[220, 15, 14, 1, 0]:0
[459, 136, 135, 1, 0]:0
[214, 49, 48, 1, 0]:0
[461, 134, 133, 1, 0]:0
[798, 311, 310, 1, 0]:0
[195, 10, 9, 1, 0]:0
[824, 62, 61, 1, 0]:0
[980, 399, 398, 1, 0]:0
[290, 134, 133, 1, 0]:0
[824, 60, 59, 1, 0]:0
[217, 12, 11, 1, 0]:0
[238, 64, 63, 1, 0]:0
[999, 404, 403, 1, 0]:0
[206, 31, 30, 1, 0]:0
[231, 19, 18, 1, 0]:0
[236, 111, 110, 1, 0]:0
[833, 157, 156, 1, 0]:0
[502, 153, 152, 1, 0]:0
[205, 30, 29, 1, 0]:0
[745, 367, 366, 1, 0]:0
[254, 19, 18, 1, 0]:0
[229, 64, 63, 1, 0]:0
[194, 16, 15, 1, 0]:0
[247, 22, 21, 1, 0]:0
[470, 133, 132, 1, 0]:0
[425, 204, 203, 1, 0]:0
[476, 129, 128, 1, 0]:0
[161, 79, 78, 1, 0]:0
[503, 147, 146, 1, 0]:0
[754, 276, 275, 1, 0]:0
[739, 364, 363, 1, 0]:0
[192, 28, 27, 1, 0]:0
[732, 247, 246, 1, 0]:0
[430, 196, 195, 1, 0]:0
[425, 199, 198, 1, 0]:0
[710, 279, 278, 1, 0]:0
[439, 207, 206, 1, 0]:0
[180, 79, 78, 1, 0]:0
[255, 106, 105, 1, 0]:0
[232, 100, 99, 1, 0]:0
[229, 102, 101, 1, 0]:0
[244, 109, 108, 1, 0]:0
[697, 331, 330, 1, 0]:0
[500, 236, 235, 1, 0]:0
[693, 332, 331, 1, 0]:0
[178, 76, 75, 1, 0]:0
[201, 17, 16, 1, 0]:0
[823, 9, 8, 1, 0]:0
[722, 282, 281, 1, 0]:0
[479, 147, 146, 1, 0]:0
[212, 23, 22, 1, 0]:0
[497, 233, 232, 1, 0]:0
[1008, 488, 487, 1, 0]:0
[219, 19, 18, 1, 0]:0
[182, 68, 67, 1, 0]:0
[724, 276, 275, 1, 0]:0
[222, 110, 109, 1, 0]:0
[859, 256, 255, 1, 0]:0
[206, 101, 100, 1, 0]:0
[424, 66, 65, 1, 0]:0
[854, 47, 46, 1, 0]:0
[250, 124, 123, 1, 0]:0
[463, 226, 225, 1, 0]:0
[188, 89, 88, 1, 0]:0
[155, 74, 73, 1, 0]:0
[956, 472, 471, 1, 0]:0
[236, 79, 78, 1, 0]:0
[671, 326, 325, 1, 0]:0
[263, 13, 12, 1, 0]:0
[487, 241, 240, 1, 0]:0
[506, 246, 245, 1, 0]:0
[239, 76, 75, 1, 0]:0
[493, 204, 203, 1, 0]:0
[934, 46, 45, 1, 0]:0
[699, 340, 339, 1, 0]:0
[888, 52, 51, 1, 0]:0
[183, 85, 84, 1, 0]:0
[147, 70, 69, 1, 0]:0
[254, 79, 78, 1, 0]:0
[689, 342, 341, 1, 0]:0
[178, 84, 83, 1, 0]:0
[211, 100, 99, 1, 0]:0
[822, 17, 16, 1, 0]:0
[237, 70, 69, 1, 0]:0
[368, 38, 37, 1, 0]:0
[388, 171, 170, 1, 0]:0
[503, 207, 206, 1, 0]:0
[863, 58, 57, 1, 0]:0
[502, 205, 204, 1, 0]:0
[241, 96, 95, 1, 0]:0
[746, 322, 321, 1, 0]:0
[503, 204, 203, 1, 0]:0
[243, 76, 75, 1, 0]:0
[462, 205, 204, 1, 0]:0
[503, 201, 200, 1, 0]:0
[794, 22, 21, 1, 0]:0
[1011, 458, 457, 1, 0]:0
[269, 7, 6, 1, 0]:0
[767, 323, 322, 1, 0]:0
[854, 54, 53, 1, 0]:0
[763, 324, 323, 1, 0]:0
[494, 217, 216, 1, 0]:0
[207, 73, 72, 1, 0]:0
[235, 90, 89, 1, 0]:0
[247, 67, 66, 1, 0]:0
[228, 91, 90, 1, 0]:0
[255, 94, 93, 1, 0]:0
[193, 76, 75, 1, 0]:0
[822, 112, 111, 1, 0]:0
[479, 204, 203, 1, 0]:0
[214, 79, 78, 1, 0]:0
[215, 79, 78, 1, 0]:0
[194, 72, 71, 1, 0]:0
[761, 349, 348, 1, 0]:0
[455, 197, 196, 1, 0]:0
[452, 197, 196, 1, 0]:0
[215, 76, 75, 1, 0]:0
[862, 7, 6, 1, 0]:0
[473, 202, 201, 1, 0]:0
[451, 196, 195, 1, 0]:0
[196, 66, 65, 1, 0]:0
[220, 69, 68, 1, 0]:0
[457, 223, 222, 1, 0]:0
[206, 91, 90, 1, 0]:0
[479, 195, 194, 1, 0]:0
[254, 82, 81, 1, 0]:0
[866, 300, 299, 1, 0]:0
[508, 210, 209, 1, 0]:0
[247, 85, 84, 1, 0]:0
[198, 92, 91, 1, 0]:0
[772, 123, 122, 1, 0]:0
[241, 85, 84, 1, 0]:0
[728, 336, 335, 1, 0]:0
[222, 92, 91, 1, 0]:0
[209, 67, 66, 1, 0]:0
[768, 122, 121, 1, 0]:0
[953, 14, 13, 1, 0]:0
[220, 91, 90, 1, 0]:0
[449, 217, 216, 1, 0]:0
[880, 64, 63, 1, 0]:0
[733, 346, 345, 1, 0]:0
[476, 217, 216, 1, 0]:0
[203, 82, 81, 1, 0]:0
[452, 211, 210, 1, 0]:0
[824, 72, 71, 1, 0]:0
[218, 86, 85, 1, 0]:0
[209, 91, 90, 1, 0]:0
[212, 88, 87, 1, 0]:0
[275, 36, 35, 1, 0]:0
[308, 29, 28, 1, 0]:0
[974, 41, 40, 1, 0]:0
[223, 81, 80, 1, 0]:0
[510, 101, 100, 1, 0]:0
[815, 87, 86, 1, 0]:0
[894, 125, 124, 1, 0]:0
[727, 337, 336, 1, 0]:0
[800, 278, 277, 1, 0]:0
[791, 96, 95, 1, 0]:0
[950, 31, 30, 1, 0]:0
[785, 289, 288, 1, 0]:0
[1016, 60, 59, 1, 0]:0
[1002, 50, 49, 1, 0]:0
[812, 128, 127, 1, 0]:0
[805, 84, 83, 1, 0]:0
[298, 64, 63, 1, 0]:0
[971, 48, 47, 1, 0]:0
[860, 102, 101, 1, 0]:0
[797, 70, 69, 1, 0]:0
[551, 47, 46, 1, 0]:0
[63, 5, 4, 1, 0]:0
[551, 44, 43, 1, 0]:0
[556, 39, 38, 1, 0]:0
[808, 168, 167, 1, 0]:0
[831, 173, 172, 1, 0]:0
[818, 82, 81, 1, 0]:0
[839, 120, 119, 1, 0]:0
[822, 175, 174, 1, 0]:0
[545, 42, 41, 1, 0]:0
[334, 60, 59, 1, 0]:0
[546, 38, 37, 1, 0]:0
[375, 56, 55, 1, 0]:0
[897, 22, 21, 1, 0]:0
[785, 93, 92, 1, 0]:0
[558, 61, 60, 1, 0]:0
[829, 270, 269, 1, 0]:0
[516, 47, 46, 1, 0]:0
[124, 37, 36, 1, 0]:0
[303, 107, 106, 1, 0]:0
[825, 164, 163, 1, 0]:0
[551, 60, 59, 1, 0]:0
[566, 35, 34, 1, 0]:0
[785, 86, 85, 1, 0]:0
[804, 187, 186, 1, 0]:0
[799, 172, 171, 1, 0]:0
[784, 82, 81, 1, 0]:0
[1004, 19, 18, 1, 0]:0
[769, 169, 168, 1, 0]:0
[800, 184, 183, 1, 0]:0
[846, 313, 312, 1, 0]:0
[977, 13, 12, 1, 0]:0
[518, 33, 32, 1, 0]:0
[543, 37, 36, 1, 0]:0
[521, 63, 62, 1, 0]:0
[573, 52, 51, 1, 0]:0
[545, 49, 48, 1, 0]:0
[986, 3, 2, 1, 0]:0
[561, 56, 55, 1, 0]:0
[935, 76, 75, 1, 0]:0
[839, 316, 315, 1, 0]:0
[869, 170, 169, 1, 0]:0
[788, 191, 190, 1, 0]:0
[833, 89, 88, 1, 0]:0
[611, 39, 38, 1, 0]:0
[788, 189, 188, 1, 0]:0
[830, 135, 134, 1, 0]:0
[561, 14, 13, 1, 0]:0
[536, 56, 55, 1, 0]:0
[587, 46, 45, 1, 0]:0
[884, 167, 166, 1, 0]:0
[947, 72, 71, 1, 0]:0
[536, 52, 51, 1, 0]:0
[623, 57, 56, 1, 0]:0
[535, 52, 51, 1, 0]:0
[848, 86, 85, 1, 0]:0
[783, 277, 276, 1, 0]:0
[855, 175, 174, 1, 0]:0
[770, 136, 135, 1, 0]:0
[585, 37, 36, 1, 0]:0
[815, 145, 144, 1, 0]:0
[638, 56, 55, 1, 0]:0
[772, 132, 131, 1, 0]:0
[885, 188, 187, 1, 0]:0
[982, 106, 105, 1, 0]:0
[944, 91, 90, 1, 0]:0
[593, 43, 42, 1, 0]:0
[856, 166, 165, 1, 0]:0
[675, 256, 255, 1, 0]:0
[969, 316, 315, 1, 0]:0
[871, 141, 140, 1, 0]:0
[620, 9, 8, 1, 0]:0
[612, 11, 10, 1, 0]:0
[516, 26, 25, 1, 0]:0
[348, 97, 96, 1, 0]:0
[804, 232, 231, 1, 0]:0
[615, 7, 6, 1, 0]:0
[914, 80, 79, 1, 0]:0
[607, 58, 57, 1, 0]:0
[598, 60, 59, 1, 0]:0
[918, 91, 90, 1, 0]:0
[567, 107, 106, 1, 0]:0
[638, 6, 5, 1, 0]:0
[919, 90, 89, 1, 0]:0
[683, 63, 62, 1, 0]:0
[620, 29, 28, 1, 0]:0
[903, 175, 174, 1, 0]:0
[542, 18, 17, 1, 0]:0
[791, 150, 149, 1, 0]:0
[576, 32, 31, 1, 0]:0
[553, 124, 123, 1, 0]:0
[780, 232, 231, 1, 0]:0
[703, 63, 62, 1, 0]:0
[605, 14, 13, 1, 0]:0
[568, 126, 125, 1, 0]:0
[692, 63, 62, 1, 0]:0
[979, 96, 95, 1, 0]:0
[624, 16, 15, 1, 0]:0
[600, 11, 10, 1, 0]:0
[536, 106, 105, 1, 0]:0
[369, 169, 168, 1, 0]:0
[633, 25, 24, 1, 0]:0
[664, 40, 39, 1, 0]:0
[537, 103, 102, 1, 0]:0
[598, 7, 6, 1, 0]:0
[529, 106, 105, 1, 0]:0
[940, 139, 138, 1, 0]:0
[611, 64, 63, 1, 0]:0
[668, 34, 33, 1, 0]:0
[519, 125, 124, 1, 0]:0
[1018, 82, 81, 1, 0]:0
[833, 159, 158, 1, 0]:0
[574, 79, 78, 1, 0]:0
[567, 115, 114, 1, 0]:0
[617, 105, 104, 1, 0]:0
[608, 108, 107, 1, 0]:0
[789, 226, 225, 1, 0]:0
[908, 181, 180, 1, 0]:0
[692, 32, 31, 1, 0]:0
[685, 4, 3, 1, 0]:0
[535, 126, 125, 1, 0]:0
[567, 77, 76, 1, 0]:0
[788, 253, 252, 1, 0]:0
[809, 195, 194, 1, 0]:0
[297, 127, 126, 1, 0]:0
[543, 119, 118, 1, 0]:0
[562, 76, 75, 1, 0]:0
[897, 181, 180, 1, 0]:0
[832, 148, 147, 1, 0]:0
[513, 116, 115, 1, 0]:0
[980, 89, 88, 1, 0]:0
[911, 140, 139, 1, 0]:0
[612, 112, 111, 1, 0]:0
[709, 256, 255, 1, 0]:0
[770, 224, 223, 1, 0]:0
[605, 19, 18, 1, 0]:0
[919, 181, 180, 1, 0]:0
[994, 190, 189, 1, 0]:0
[604, 64, 63, 1, 0]:0
[354, 16, 15, 1, 0]:0
[761, 33, 32, 1, 0]:0
[552, 88, 87, 1, 0]:0
[911, 133, 132, 1, 0]:0
[1002, 182, 181, 1, 0]:0
[631, 112, 111, 1, 0]:0
[271, 106, 105, 1, 0]:0
[563, 80, 79, 1, 0]:0
[588, 98, 97, 1, 0]:0
[647, 5, 4, 1, 0]:0
[326, 13, 12, 1, 0]:0
[670, 6, 5, 1, 0]:0
[673, 21, 20, 1, 0]:0
[437, 38, 37, 1, 0]:0
[801, 211, 210, 1, 0]:0
[565, 88, 87, 1, 0]:0
[652, 27, 26, 1, 0]:0
[693, 23, 22, 1, 0]:0
[657, 8, 7, 1, 0]:0
[916, 133, 132, 1, 0]:0
[614, 75, 74, 1, 0]:0
[761, 50, 49, 1, 0]:0
[695, 18, 17, 1, 0]:0
[640, 28, 27, 1, 0]:0
[565, 82, 81, 1, 0]:0
[586, 118, 117, 1, 0]:0
[672, 106, 105, 1, 0]:0
[633, 77, 76, 1, 0]:0
[630, 77, 76, 1, 0]:0
[847, 241, 240, 1, 0]:0
[964, 181, 180, 1, 0]:0
[913, 159, 158, 1, 0]:0
[638, 71, 70, 1, 0]:0
[615, 67, 66, 1, 0]:0
[414, 46, 45, 1, 0]:0
[563, 172, 171, 1, 0]:0
[576, 116, 115, 1, 0]:0
[671, 21, 20, 1, 0]:0
[710, 15, 14, 1, 0]:0
[537, 86, 85, 1, 0]:0
[900, 239, 238, 1, 0]:0
[757, 7, 6, 1, 0]:0
[895, 193, 192, 1, 0]:0
[796, 366, 365, 1, 0]:0
[761, 3, 2, 1, 0]:0
[584, 74, 73, 1, 0]:0
[543, 175, 174, 1, 0]:0
[857, 241, 240, 1, 0]:0
[383, 29, 28, 1, 0]:0
[671, 109, 108, 1, 0]:0
[556, 180, 179, 1, 0]:0
[578, 72, 71, 1, 0]:0
[521, 165, 164, 1, 0]:0
[654, 97, 96, 1, 0]:0
[665, 108, 107, 1, 0]:0
[562, 190, 189, 1, 0]:0
[636, 88, 87, 1, 0]:0
[593, 78, 77, 1, 0]:0
[718, 30, 29, 1, 0]:0
[647, 98, 97, 1, 0]:0
[654, 125, 124, 1, 0]:0
[701, 118, 117, 1, 0]:0
[682, 78, 77, 1, 0]:0
[520, 190, 189, 1, 0]:0
[665, 101, 100, 1, 0]:0
[423, 55, 54, 1, 0]:0
[711, 29, 28, 1, 0]:0
[692, 117, 116, 1, 0]:0
[665, 99, 98, 1, 0]:0
[428, 51, 50, 1, 0]:0
[593, 69, 68, 1, 0]:0
[695, 113, 112, 1, 0]:0
[668, 125, 124, 1, 0]:0
[561, 179, 178, 1, 0]:0
[433, 33, 32, 1, 0]:0
[933, 442, 441, 1, 0]:0
[659, 112, 111, 1, 0]:0
[628, 174, 173, 1, 0]:0
[929, 197, 196, 1, 0]:0
[516, 178, 177, 1, 0]:0
[561, 140, 139, 1, 0]:0
[692, 73, 72, 1, 0]:0
[665, 119, 118, 1, 0]:0
[582, 175, 174, 1, 0]:0
[695, 71, 70, 1, 0]:0
[566, 134, 133, 1, 0]:0
[601, 85, 84, 1, 0]:0
[990, 145, 144, 1, 0]:0
[513, 160, 159, 1, 0]:0
[622, 183, 182, 1, 0]:0
[621, 184, 183, 1, 0]:0
[724, 19, 18, 1, 0]:0
[625, 165, 164, 1, 0]:0
[558, 149, 148, 1, 0]:0
[983, 145, 144, 1, 0]:0
[763, 126, 125, 1, 0]:0
[566, 159, 158, 1, 0]:0
[635, 188, 187, 1, 0]:0
[528, 160, 159, 1, 0]:0
[590, 176, 175, 1, 0]:0
[919, 204, 203, 1, 0]:0
[620, 160, 159, 1, 0]:0
[513, 134, 133, 1, 0]:0
[292, 115, 114, 1, 0]:0
[612, 178, 177, 1, 0]:0
[558, 235, 234, 1, 0]:0
[734, 117, 116, 1, 0]:0
[556, 235, 234, 1, 0]:0
[617, 141, 140, 1, 0]:0
[974, 249, 248, 1, 0]:0
[320, 4, 3, 1, 0]:0
[599, 164, 163, 1, 0]:0
[513, 158, 157, 1, 0]:0
[548, 235, 234, 1, 0]:0
[961, 253, 252, 1, 0]:0
[590, 181, 180, 1, 0]:0
[738, 74, 73, 1, 0]:0
[617, 135, 134, 1, 0]:0
[90, 19, 18, 1, 0]:0
[884, 281, 280, 1, 0]:0
[673, 169, 168, 1, 0]:0
[536, 156, 155, 1, 0]:0
[905, 212, 211, 1, 0]:0
[996, 197, 196, 1, 0]:0
[905, 211, 210, 1, 0]:0
[916, 220, 219, 1, 0]:0
[557, 240, 239, 1, 0]:0
[607, 283, 282, 1, 0]:0
[518, 145, 144, 1, 0]:0
[647, 81, 80, 1, 0]:0
[630, 136, 135, 1, 0]:0
[521, 239, 238, 1, 0]:0
[766, 67, 66, 1, 0]:0
[591, 139, 138, 1, 0]:0
[572, 227, 226, 1, 0]:0
[550, 253, 252, 1, 0]:0
[657, 88, 87, 1, 0]:0
[596, 181, 180, 1, 0]:0
[697, 163, 162, 1, 0]:0
[581, 140, 139, 1, 0]:0
[569, 240, 239, 1, 0]:0
[732, 77, 76, 1, 0]:0
[535, 192, 191, 1, 0]:0
[590, 131, 130, 1, 0]:0
[999, 215, 214, 1, 0]:0
[668, 171, 170, 1, 0]:0
[551, 246, 245, 1, 0]:0
[696, 188, 187, 1, 0]:0
[320, 16, 15, 1, 0]:0
[673, 183, 182, 1, 0]:0
[653, 176, 175, 1, 0]:0
[687, 142, 141, 1, 0]:0
[606, 133, 132, 1, 0]:0
[588, 157, 156, 1, 0]:0
[614, 239, 238, 1, 0]:0
[599, 135, 134, 1, 0]:0
[697, 181, 180, 1, 0]:0
[590, 153, 152, 1, 0]:0
[658, 166, 165, 1, 0]:0
[830, 111, 110, 1, 0]:0
[646, 187, 186, 1, 0]:0
[575, 207, 206, 1, 0]:0
[716, 86, 85, 1, 0]:0
[747, 167, 166, 1, 0]:0
[985, 223, 222, 1, 0]:0
[676, 136, 135, 1, 0]:0
[735, 91, 90, 1, 0]:0
[537, 253, 252, 1, 0]:0
[560, 224, 223, 1, 0]:0
[657, 176, 175, 1, 0]:0
[524, 241, 240, 1, 0]:0
[529, 255, 254, 1, 0]:0
[657, 190, 189, 1, 0]:0
[660, 187, 186, 1, 0]:0
[761, 169, 168, 1, 0]:0
[524, 206, 205, 1, 0]:0
[603, 151, 150, 1, 0]:0
[684, 157, 156, 1, 0]:0
[259, 124, 123, 1, 0]:0
[631, 231, 230, 1, 0]:0
[530, 248, 247, 1, 0]:0
[53, 16, 15, 1, 0]:0
[568, 196, 195, 1, 0]:0
[621, 250, 249, 1, 0]:0
[516, 205, 204, 1, 0]:0
[523, 202, 201, 1, 0]:0
[414, 172, 171, 1, 0]:0
[526, 198, 197, 1, 0]:0
[345, 16, 15, 1, 0]:0
[635, 255, 254, 1, 0]:0
[762, 190, 189, 1, 0]:0
[258, 122, 121, 1, 0]:0
[595, 192, 191, 1, 0]:0
[735, 169, 168, 1, 0]:0
[327, 95, 94, 1, 0]:0
[527, 222, 221, 1, 0]:0
[593, 236, 235, 1, 0]:0
[598, 232, 231, 1, 0]:0
[526, 219, 218, 1, 0]:0
[566, 214, 213, 1, 0]:0
[595, 232, 231, 1, 0]:0
[572, 285, 284, 1, 0]:0
[759, 181, 180, 1, 0]:0
[619, 202, 201, 1, 0]:0
[713, 186, 185, 1, 0]:0
[651, 152, 151, 1, 0]:0
[700, 238, 237, 1, 0]:0
[564, 209, 208, 1, 0]:0
[657, 131, 130, 1, 0]:0
[686, 227, 226, 1, 0]:0
[710, 182, 181, 1, 0]:0
[596, 254, 253, 1, 0]:0
[695, 237, 236, 1, 0]:0
[686, 255, 254, 1, 0]:0
[671, 151, 150, 1, 0]:0
[301, 66, 65, 1, 0]:0
[535, 216, 215, 1, 0]:0
[583, 207, 206, 1, 0]:0
[290, 70, 69, 1, 0]:0
[596, 245, 244, 1, 0]:0
[591, 200, 199, 1, 0]:0
[582, 203, 202, 1, 0]:0
[633, 194, 193, 1, 0]:0
[604, 207, 206, 1, 0]:0
[702, 253, 252, 1, 0]:0
[631, 193, 192, 1, 0]:0
[745, 151, 150, 1, 0]:0
[631, 223, 222, 1, 0]:0
[707, 136, 135, 1, 0]:0
[633, 220, 219, 1, 0]:0
[644, 229, 228, 1, 0]:0
[705, 134, 133, 1, 0]:0
[820, 331, 330, 1, 0]:0
[703, 244, 243, 1, 0]:0
[582, 223, 222, 1, 0]:0
[647, 255, 254, 1, 0]:0
[764, 147, 146, 1, 0]:0
[713, 157, 156, 1, 0]:0
[718, 153, 152, 1, 0]:0
[983, 487, 486, 1, 0]:0
[686, 198, 197, 1, 0]:0
[710, 153, 152, 1, 0]:0
[605, 220, 219, 1, 0]:0
[588, 211, 210, 1, 0]:0
[697, 205, 204, 1, 0]:0
[728, 156, 155, 1, 0]:0
[591, 209, 208, 1, 0]:0
[758, 235, 234, 1, 0]:0
[605, 216, 215, 1, 0]:0
[681, 193, 192, 1, 0]:0
[735, 149, 148, 1, 0]:0
[109, 52, 51, 1, 0]:0
[341, 24, 23, 1, 0]:0
[598, 211, 210, 1, 0]:0
[1002, 316, 315, 1, 0]:0
[751, 246, 245, 1, 0]:0
[765, 254, 253, 1, 0]:0
[695, 223, 222, 1, 0]:0
[934, 285, 284, 1, 0]:0
[661, 204, 203, 1, 0]:0
[753, 253, 252, 1, 0]:0
[122, 60, 59, 1, 0]:0
[749, 206, 205, 1, 0]:0
[734, 227, 226, 1, 0]:0
[428, 25, 24, 1, 0]:0
[747, 200, 199, 1, 0]:0
[908, 379, 378, 1, 0]:0
[911, 433, 432, 1, 0]:0
[373, 100, 99, 1, 0]:0
[727, 253, 252, 1, 0]:0
[51, 16, 15, 1, 0]:0
[289, 72, 71, 1, 0]:0
[443, 16, 15, 1, 0]:0
[712, 202, 201, 1, 0]:0
[706, 204, 203, 1, 0]:0
[287, 77, 76, 1, 0]:0
[726, 205, 204, 1, 0]:0
[763, 219, 218, 1, 0]:0
[767, 216, 215, 1, 0]:0
[353, 123, 122, 1, 0]:0
[708, 193, 192, 1, 0]:0
[341, 64, 63, 1, 0]:0
[814, 240, 239, 1, 0]:0
[387, 8, 7, 1, 0]:0
[719, 211, 210, 1, 0]:0
[354, 119, 118, 1, 0]:0
[895, 238, 237, 1, 0]:0
[983, 301, 300, 1, 0]:0
[444, 25, 24, 1, 0]:0
[777, 323, 322, 1, 0]:0
[721, 213, 212, 1, 0]:0
[883, 295, 294, 1, 0]:0
[823, 360, 359, 1, 0]:0
[28, 9, 8, 1, 0]:0
[266, 80, 79, 1, 0]:0
[1006, 333, 332, 1, 0]:0
[462, 61, 60, 1, 0]:0
[418, 18, 17, 1, 0]:0
[259, 66, 65, 1, 0]:0
[152, 66, 65, 1, 0]:0
[991, 430, 429, 1, 0]:0
[31, 10, 9, 1, 0]:0
[271, 90, 89, 1, 0]:0
[510, 49, 48, 1, 0]:0
[773, 350, 349, 1, 0]:0
[806, 226, 225, 1, 0]:0
[454, 61, 60, 1, 0]:0
[274, 70, 69, 1, 0]:0
[188, 74, 73, 1, 0]:0
[343, 100, 99, 1, 0]:0
[492, 8, 7, 1, 0]:0
[365, 72, 71, 1, 0]:0
[987, 338, 337, 1, 0]:0
[956, 367, 366, 1, 0]:0
[260, 90, 89, 1, 0]:0
[329, 120, 119, 1, 0]:0
[446, 108, 107, 1, 0]:0
[145, 69, 68, 1, 0]:0
[443, 110, 109, 1, 0]:0
[1004, 260, 259, 1, 0]:0
[177, 85, 84, 1, 0]:0
[553, 273, 272, 1, 0]:0
[1023, 266, 265, 1, 0]:0
[488, 4, 3, 1, 0]:0
[778, 46, 45, 1, 0]:0
[263, 85, 84, 1, 0]:0
[508, 9, 8, 1, 0]:0
[106, 15, 14, 1, 0]:0
[943, 435, 434, 1, 0]:0
[356, 68, 67, 1, 0]:0
[351, 119, 118, 1, 0]:0
[897, 107, 106, 1, 0]:0
[969, 199, 198, 1, 0]:0
[55, 25, 24, 1, 0]:0
[228, 73, 72, 1, 0]:0
[257, 83, 82, 1, 0]:0
[350, 115, 114, 1, 0]:0
[52, 25, 24, 1, 0]:0
[834, 352, 351, 1, 0]:0
[278, 85, 84, 1, 0]:0
[455, 98, 97, 1, 0]:0
[360, 91, 90, 1, 0]:0
[854, 309, 308, 1, 0]:0
[329, 75, 74, 1, 0]:0
[750, 323, 322, 1, 0]:0
[1001, 348, 347, 1, 0]:0
[357, 92, 91, 1, 0]:0
[22, 7, 6, 1, 0]:0
[398, 101, 100, 1, 0]:0
[31, 3, 2, 1, 0]:0
[397, 190, 189, 1, 0]:0
[837, 296, 295, 1, 0]:0
[126, 50, 49, 1, 0]:0
[876, 337, 336, 1, 0]:0
[884, 347, 346, 1, 0]:0
[1011, 284, 283, 1, 0]:0
[763, 276, 275, 1, 0]:0
[43, 15, 14, 1, 0]:0
[110, 13, 12, 1, 0]:0
[24, 4, 3, 1, 0]:0
[428, 76, 75, 1, 0]:0
[437, 120, 119, 1, 0]:0
[903, 280, 279, 1, 0]:0
[38, 14, 13, 1, 0]:0
[45, 11, 10, 1, 0]:0
[838, 270, 269, 1, 0]:0
[292, 142, 141, 1, 0]:0
[45, 10, 9, 1, 0]:0
[383, 128, 127, 1, 0]:0
[438, 115, 114, 1, 0]:0
[164, 45, 44, 1, 0]:0
[370, 84, 83, 1, 0]:0
[359, 170, 169, 1, 0]:0
[436, 114, 113, 1, 0]:0
[43, 7, 6, 1, 0]:0
[19, 6, 5, 1, 0]:0
[43, 6, 5, 1, 0]:0
[36, 8, 7, 1, 0]:0
[853, 180, 179, 1, 0]:0
[103, 39, 38, 1, 0]:0
[106, 36, 35, 1, 0]:0
[35, 8, 7, 1, 0]:0
[926, 377, 376, 1, 0]:0
[33, 8, 7, 1, 0]:0
[340, 93, 92, 1, 0]:0
[41, 3, 2, 1, 0]:0
[44, 16, 15, 1, 0]:0
[34, 4, 3, 1, 0]:0
[126, 37, 36, 1, 0]:0
[943, 390, 389, 1, 0]:0
[401, 124, 123, 1, 0]:0
[20, 3, 2, 1, 0]:0
[626, 298, 297, 1, 0]:0
[894, 419, 418, 1, 0]:0
[49, 10, 9, 1, 0]:0
[49, 21, 20, 1, 0]:0
[49, 9, 8, 1, 0]:0
[824, 104, 103, 1, 0]:0
[953, 440, 439, 1, 0]:0
[531, 19, 18, 1, 0]:0
[441, 68, 67, 1, 0]:0
[111, 40, 39, 1, 0]:0
[955, 322, 321, 1, 0]:0
[52, 18, 17, 1, 0]:0
[957, 50, 49, 1, 0]:0
[460, 109, 108, 1, 0]:0
[348, 128, 127, 1, 0]:0
[46, 21, 20, 1, 0]:0
[103, 9, 8, 1, 0]:0
[367, 181, 180, 1, 0]:0
[1004, 477, 476, 1, 0]:0
[223, 46, 45, 1, 0]:0
[630, 304, 303, 1, 0]:0
[351, 172, 171, 1, 0]:0
[368, 162, 161, 1, 0]:0
[13, 4, 3, 1, 0]:0
[106, 6, 5, 1, 0]:0
[10, 4, 3, 1, 0]:0
[397, 67, 66, 1, 0]:0
[10, 3, 2, 1, 0]:0
[348, 37, 36, 1, 0]:0
[852, 310, 309, 1, 0]:0
[636, 313, 312, 1, 0]:0
[105, 7, 6, 1, 0]:0
[318, 151, 150, 1, 0]:0
[63, 23, 22, 1, 0]:0
[26, 8, 7, 1, 0]:0
[123, 56, 55, 1, 0]:0
[310, 153, 152, 1, 0]:0
[885, 8, 7, 1, 0]:0
[23, 9, 8, 1, 0]:0
[26, 6, 5, 1, 0]:0
[976, 262, 261, 1, 0]:0
[59, 22, 21, 1, 0]:0
[564, 280, 279, 1, 0]:0
[461, 47, 46, 1, 0]:0
[385, 66, 65, 1, 0]:0
[26, 4, 3, 1, 0]:0
[766, 81, 80, 1, 0]:0
[486, 77, 76, 1, 0]:0
[55, 21, 20, 1, 0]:0
[454, 124, 123, 1, 0]:0
[440, 144, 143, 1, 0]:0
[25, 3, 2, 1, 0]:0
[955, 342, 341, 1, 0]:0
[98, 12, 11, 1, 0]:0
[377, 141, 140, 1, 0]:0
[115, 52, 51, 1, 0]:0
[934, 61, 60, 1, 0]:0
[448, 124, 123, 1, 0]:0
[119, 49, 48, 1, 0]:0
[980, 197, 196, 1, 0]:0
[114, 50, 49, 1, 0]:0
[17, 3, 2, 1, 0]:0
[104, 4, 3, 1, 0]:0
[166, 39, 38, 1, 0]:0
[970, 444, 443, 1, 0]:0
[431, 163, 162, 1, 0]:0
[836, 249, 248, 1, 0]:0
[98, 8, 7, 1, 0]:0
[633, 269, 268, 1, 0]:0
[98, 7, 6, 1, 0]:0
[1009, 352, 351, 1, 0]:0
[386, 86, 85, 1, 0]:0
[45, 8, 7, 1, 0]:0
[908, 384, 383, 1, 0]:0
[463, 79, 78, 1, 0]:0
[164, 35, 34, 1, 0]:0
[875, 400, 399, 1, 0]:0
[374, 137, 136, 1, 0]:0
[810, 16, 15, 1, 0]:0
[109, 30, 29, 1, 0]:0
[140, 45, 44, 1, 0]:0
[909, 430, 429, 1, 0]:0
[56, 22, 21, 1, 0]:0
[71, 14, 13, 1, 0]:0
[120, 4, 3, 1, 0]:0
[415, 81, 80, 1, 0]:0
[108, 25, 24, 1, 0]:0
[375, 139, 138, 1, 0]:0
[353, 158, 157, 1, 0]:0
[710, 330, 329, 1, 0]:0
[434, 164, 163, 1, 0]:0
[807, 242, 241, 1, 0]:0
[503, 66, 65, 1, 0]:0
[142, 37, 36, 1, 0]:0
[621, 278, 277, 1, 0]:0
[452, 115, 114, 1, 0]:0
[100, 25, 24, 1, 0]:0
[927, 46, 45, 1, 0]:0
[67, 10, 9, 1, 0]:0
[150, 47, 46, 1, 0]:0
[34, 12, 11, 1, 0]:0
[119, 31, 30, 1, 0]:0
[804, 376, 375, 1, 0]:0
[505, 93, 92, 1, 0]:0
[414, 169, 168, 1, 0]:0
[964, 157, 156, 1, 0]:0
[817, 13, 12, 1, 0]:0
[108, 17, 16, 1, 0]:0
[611, 278, 277, 1, 0]:0
[1008, 332, 331, 1, 0]:0
[94, 7, 6, 1, 0]:0
[924, 397, 396, 1, 0]:0
[647, 291, 290, 1, 0]:0
[134, 34, 33, 1, 0]:0
[77, 31, 30, 1, 0]:0
[64, 4, 3, 1, 0]:0
[489, 80, 79, 1, 0]:0
[161, 52, 51, 1, 0]:0
[390, 176, 175, 1, 0]:0
[883, 154, 153, 1, 0]:0
[353, 147, 146, 1, 0]:0
[606, 259, 258, 1, 0]:0
[871, 265, 264, 1, 0]:0
[663, 295, 294, 1, 0]:0
[332, 141, 140, 1, 0]:0
[230, 46, 45, 1, 0]:0
[825, 127, 126, 1, 0]:0
[583, 286, 285, 1, 0]:0
[164, 14, 13, 1, 0]:0
[71, 29, 28, 1, 0]:0
[180, 53, 52, 1, 0]:0
[124, 24, 23, 1, 0]:0
[147, 38, 37, 1, 0]:0
[966, 455, 454, 1, 0]:0
[112, 22, 21, 1, 0]:0
[1009, 342, 341, 1, 0]:0
[463, 22, 21, 1, 0]:0
[446, 142, 141, 1, 0]:0
[337, 133, 132, 1, 0]:0
[958, 397, 396, 1, 0]:0
[797, 108, 107, 1, 0]:0
[919, 417, 416, 1, 0]:0
[78, 20, 19, 1, 0]:0
[487, 168, 167, 1, 0]:0
[73, 22, 21, 1, 0]:0
[385, 126, 125, 1, 0]:0
[166, 6, 5, 1, 0]:0
[793, 229, 228, 1, 0]:0
[28, 3, 2, 1, 0]:0
[133, 54, 53, 1, 0]:0
[134, 46, 45, 1, 0]:0
[926, 440, 439, 1, 0]:0
[748, 304, 303, 1, 0]:0
[73, 18, 17, 1, 0]:0
[156, 55, 54, 1, 0]:0
[113, 9, 8, 1, 0]:0
[931, 388, 387, 1, 0]:0
[472, 88, 87, 1, 0]:0
[351, 149, 148, 1, 0]:0
[710, 84, 83, 1, 0]:0
[92, 21, 20, 1, 0]:0
[137, 15, 14, 1, 0]:0
[186, 35, 34, 1, 0]:0
[909, 290, 289, 1, 0]:0
[350, 147, 146, 1, 0]:0
[943, 411, 410, 1, 0]:0
[172, 27, 26, 1, 0]:0
[181, 7, 6, 1, 0]:0
[206, 41, 40, 1, 0]:0
[457, 76, 75, 1, 0]:0
[153, 52, 51, 1, 0]:0
[86, 20, 19, 1, 0]:0
[651, 266, 265, 1, 0]:0
[246, 35, 34, 1, 0]:0
[180, 37, 36, 1, 0]:0
[132, 35, 34, 1, 0]:0
[686, 278, 277, 1, 0]:0
[758, 319, 318, 1, 0]:0
[155, 32, 31, 1, 0]:0
[230, 57, 56, 1, 0]:0
[162, 16, 15, 1, 0]:0
[943, 405, 404, 1, 0]:0
[476, 173, 172, 1, 0]:0
[185, 31, 30, 1, 0]:0
[132, 8, 7, 1, 0]:0
[186, 28, 27, 1, 0]:0
[847, 288, 287, 1, 0]:0
[159, 10, 9, 1, 0]:0
[311, 99, 98, 1, 0]:0
[385, 136, 135, 1, 0]:0
[162, 22, 21, 1, 0]:0
[211, 46, 45, 1, 0]:0
[192, 38, 37, 1, 0]:0
[185, 34, 33, 1, 0]:0
[223, 39, 38, 1, 0]:0
[665, 33, 32, 1, 0]:0
[161, 21, 20, 1, 0]:0
[383, 173, 172, 1, 0]:0
[130, 3, 2, 1, 0]:0
[423, 145, 144, 1, 0]:0
[100, 27, 26, 1, 0]:0
[188, 21, 20, 1, 0]:0
[881, 21, 20, 1, 0]:0
[713, 319, 318, 1, 0]:0
[1000, 168, 167, 1, 0]:0
[496, 186, 185, 1, 0]:0
[407, 135, 134, 1, 0]:0
[641, 49, 48, 1, 0]:0
[644, 287, 286, 1, 0]:0
[201, 61, 60, 1, 0]:0
[486, 209, 208, 1, 0]:0
[223, 33, 32, 1, 0]:0
[20, 8, 7, 1, 0]:0
[851, 408, 407, 1, 0]:0
[201, 59, 58, 1, 0]:0
[430, 181, 180, 1, 0]:0
[134, 27, 26, 1, 0]:0
[145, 6, 5, 1, 0]:0
[918, 386, 385, 1, 0]:0
[386, 155, 154, 1, 0]:0
[167, 57, 56, 1, 0]:0
[463, 181, 180, 1, 0]:0
[729, 305, 304, 1, 0]:0
[772, 97, 96, 1, 0]:0
[236, 5, 4, 1, 0]:0
[468, 176, 175, 1, 0]:0
[503, 143, 142, 1, 0]:0
[68, 9, 8, 1, 0]:0
[410, 156, 155, 1, 0]:0
[777, 127, 126, 1, 0]:0
[153, 29, 28, 1, 0]:0
[886, 51, 50, 1, 0]:0
[999, 389, 388, 1, 0]:0
[179, 34, 33, 1, 0]:0
[663, 284, 283, 1, 0]:0
[462, 143, 142, 1, 0]:0
[865, 234, 233, 1, 0]:0
[462, 142, 141, 1, 0]:0
[375, 8, 7, 1, 0]:0
[671, 278, 277, 1, 0]:0
[390, 167, 166, 1, 0]:0
[926, 405, 404, 1, 0]:0
