[727, 608, 489, 370, 0]:0
[908, 653, 398, 143, 0]:0
[1001, 673, 345, 17, 0]:0
[868, 627, 386, 145, 0]:0
[662, 563, 464, 365, 0]:0
[223, 170, 117, 64, 0]:0
[782, 631, 480, 329, 0]:0
[202, 153, 104, 55, 0]:0
[913, 755, 597, 439, 0]:0
[751, 604, 457, 310, 0]:0
[646, 563, 480, 397, 0]:0
[740, 599, 458, 317, 0]:0
[889, 649, 409, 169, 0]:0
[775, 589, 403, 217, 0]:0
[511, 344, 177, 10, 0]:0
[719, 584, 449, 314, 0]:0
[833, 627, 421, 215, 0]:0
[673, 589, 505, 421, 0]:0
[689, 577, 465, 353, 0]:0
[559, 384, 209, 34, 0]:0
[817, 562, 307, 52, 0]:0
[964, 677, 390, 103, 0]:0
[166, 123, 80, 37, 0]:0
[580, 501, 422, 343, 0]:0
[785, 594, 403, 212, 0]:0
[670, 579, 488, 397, 0]:0
[866, 649, 432, 215, 0]:0
[977, 776, 575, 374, 0]:0
[748, 543, 338, 133, 0]:0
[988, 699, 410, 121, 0]:0
[1001, 808, 615, 422, 0]:0
[857, 643, 429, 215, 0]:0
[503, 344, 185, 26, 0]:0
[274, 205, 136, 67, 0]:0
[721, 590, 459, 328, 0]:0
[170, 117, 64, 11, 0]:0
[20, 15, 10, 5, 0]:0
[694, 519, 344, 169, 0]:0
[881, 666, 451, 236, 0]:0
[812, 667, 522, 377, 0]:0
[439, 382, 325, 268, 0]:0
[751, 563, 375, 187, 0]:0
[1012, 713, 414, 115, 0]:0
[868, 659, 450, 241, 0]:0
[686, 523, 360, 197, 0]:0
[689, 519, 349, 179, 0]:0
[998, 699, 400, 101, 0]:0
[575, 432, 289, 146, 0]:0
[932, 773, 614, 455, 0]:0
[967, 688, 409, 130, 0]:0
[812, 597, 382, 167, 0]:0
[514, 365, 216, 67, 0]:0
[118, 103, 88, 73, 0]:0
[937, 697, 457, 217, 0]:0
[913, 639, 365, 91, 0]:0
[964, 817, 670, 523, 0]:0
[743, 544, 345, 146, 0]:0
[964, 787, 610, 433, 0]:0
[170, 121, 72, 23, 0]:0
[695, 534, 373, 212, 0]:0
[943, 793, 643, 493, 0]:0
[302, 215, 128, 41, 0]:0
[967, 778, 589, 400, 0]:0
[266, 193, 120, 47, 0]:0
[889, 696, 503, 310, 0]:0
[1015, 832, 649, 466, 0]:0
[155, 124, 93, 62, 0]:0
[953, 710, 467, 224, 0]:0
[676, 531, 386, 241, 0]:0
[743, 575, 407, 239, 0]:0
[1022, 787, 552, 317, 0]:0
[994, 737, 480, 223, 0]:0
[884, 647, 410, 173, 0]:0
[865, 703, 541, 379, 0]:0
[982, 815, 648, 481, 0]:0
[436, 381, 326, 271, 0]:0
[812, 551, 290, 29, 0]:0
[247, 192, 137, 82, 0]:0
[743, 565, 387, 209, 0]:0
[127, 106, 85, 64, 0]:0
[431, 354, 277, 200, 0]:0
[727, 557, 387, 217, 0]:0
[767, 596, 425, 254, 0]:0
[932, 803, 674, 545, 0]:0
[292, 227, 162, 97, 0]:0
[823, 579, 335, 91, 0]:0
[862, 691, 520, 349, 0]:0
[278, 187, 96, 5, 0]:0
[778, 653, 528, 403, 0]:0
[991, 818, 645, 472, 0]:0
[746, 629, 512, 395, 0]:0
[511, 439, 367, 295, 0]:0
[991, 816, 641, 466, 0]:0
[977, 817, 657, 497, 0]:0
[623, 499, 375, 251, 0]:0
[758, 583, 408, 233, 0]:0
[991, 725, 459, 193, 0]:0
[401, 318, 235, 152, 0]:0
[959, 780, 601, 422, 0]:0
[926, 739, 552, 365, 0]:0
[956, 739, 522, 305, 0]:0
[433, 328, 223, 118, 0]:0
[839, 664, 489, 314, 0]:0
[815, 703, 591, 479, 0]:0
[815, 702, 589, 476, 0]:0
[490, 417, 344, 271, 0]:0
[497, 425, 353, 281, 0]:0
[956, 753, 550, 347, 0]:0
[455, 324, 193, 62, 0]:0
[655, 466, 277, 88, 0]:0
[860, 585, 310, 35, 0]:0
[935, 796, 657, 518, 0]:0
[457, 325, 193, 61, 0]:0
[857, 645, 433, 221, 0]:0
[964, 747, 530, 313, 0]:0
[497, 421, 345, 269, 0]:0
[470, 411, 352, 293, 0]:0
[500, 365, 230, 95, 0]:0
[500, 419, 338, 257, 0]:0
[871, 745, 619, 493, 0]:0
[982, 747, 512, 277, 0]:0
[481, 414, 347, 280, 0]:0
[983, 732, 481, 230, 0]:0
[937, 730, 523, 316, 0]:0
[1007, 800, 593, 386, 0]:0
[815, 704, 593, 482, 0]:0
[905, 717, 529, 341, 0]:0
[58, 45, 32, 19, 0]:0
[959, 687, 415, 143, 0]:0
[823, 704, 585, 466, 0]:0
[167, 131, 95, 59, 0]:0
[479, 360, 241, 122, 0]:0
[89, 72, 55, 38, 0]:0
[353, 307, 261, 215, 0]:0
[889, 762, 635, 508, 0]:0
[145, 122, 99, 76, 0]:0
[478, 359, 240, 121, 0]:0
[833, 720, 607, 494, 0]:0
[1015, 838, 661, 484, 0]:0
[425, 347, 269, 191, 0]:0
[404, 341, 278, 215, 0]:0
[860, 725, 590, 455, 0]:0
[857, 723, 589, 455, 0]:0
[146, 121, 96, 71, 0]:0
[422, 363, 304, 245, 0]:0
[793, 613, 433, 253, 0]:0
[919, 704, 489, 274, 0]:0
[479, 372, 265, 158, 0]:0
[521, 400, 279, 158, 0]:0
[380, 269, 158, 47, 0]:0
[494, 375, 256, 137, 0]:0
[449, 355, 261, 167, 0]:0
[745, 634, 523, 412, 0]:0
[737, 636, 535, 434, 0]:0
[745, 633, 521, 409, 0]:0
[169, 124, 79, 34, 0]:0
[418, 345, 272, 199, 0]:0
[865, 726, 587, 448, 0]:0
[457, 380, 303, 226, 0]:0
[745, 631, 517, 403, 0]:0
[388, 335, 282, 229, 0]:0
[758, 639, 520, 401, 0]:0
[385, 332, 279, 226, 0]:0
[500, 395, 290, 185, 0]:0
[470, 363, 256, 149, 0]:0
[52, 37, 22, 7, 0]:0
[458, 373, 288, 203, 0]:0
[959, 694, 429, 164, 0]:0
[473, 382, 291, 200, 0]:0
[457, 377, 297, 217, 0]:0
[511, 394, 277, 160, 0]:0
[887, 775, 663, 551, 0]:0
[140, 115, 90, 65, 0]:0
[49, 40, 31, 22, 0]:0
[364, 265, 166, 67, 0]:0
[433, 309, 185, 61, 0]:0
[359, 262, 165, 68, 0]:0
[377, 265, 153, 41, 0]:0
[439, 309, 179, 49, 0]:0
[721, 631, 541, 451, 0]:0
[692, 561, 430, 299, 0]:0
[479, 394, 309, 224, 0]:0
[457, 387, 317, 247, 0]:0
[583, 432, 281, 130, 0]:0
[455, 328, 201, 74, 0]:0
[14, 11, 8, 5, 0]:0
[316, 271, 226, 181, 0]:0
[503, 418, 333, 248, 0]:0
[319, 276, 233, 190, 0]:0
[353, 293, 233, 173, 0]:0
[961, 830, 699, 568, 0]:0
[1012, 775, 538, 301, 0]:0
[362, 277, 192, 107, 0]:0
[391, 271, 151, 31, 0]:0
[391, 270, 149, 28, 0]:0
[460, 313, 166, 19, 0]:0
[407, 295, 183, 71, 0]:0
[481, 404, 327, 250, 0]:0
[818, 585, 352, 119, 0]:0
[457, 310, 163, 16, 0]:0
[833, 605, 377, 149, 0]:0
[577, 393, 209, 25, 0]:0
[404, 291, 178, 65, 0]:0
[911, 785, 659, 533, 0]:0
[337, 288, 239, 190, 0]:0
[370, 309, 248, 187, 0]:0
[998, 859, 720, 581, 0]:0
[919, 789, 659, 529, 0]:0
[386, 285, 184, 83, 0]:0
[17, 15, 13, 11, 0]:0
[71, 54, 37, 20, 0]:0
[494, 335, 176, 17, 0]:0
[370, 293, 216, 139, 0]:0
[511, 351, 191, 31, 0]:0
[353, 302, 251, 200, 0]:0
[260, 185, 110, 35, 0]:0
[367, 310, 253, 196, 0]:0
[506, 345, 184, 23, 0]:0
[1015, 866, 717, 568, 0]:0
[353, 283, 213, 143, 0]:0
[698, 569, 440, 311, 0]:0
[73, 59, 45, 31, 0]:0
[337, 271, 205, 139, 0]:0
[257, 185, 113, 41, 0]:0
[721, 566, 411, 256, 0]:0
[268, 187, 106, 25, 0]:0
[487, 367, 247, 127, 0]:0
[343, 297, 251, 205, 0]:0
[31, 25, 19, 13, 0]:0
[17, 13, 9, 5, 0]:0
[332, 291, 250, 209, 0]:0
[337, 292, 247, 202, 0]:0
[47, 40, 33, 26, 0]:0
[479, 354, 229, 104, 0]:0
[487, 356, 225, 94, 0]:0
[55, 47, 39, 31, 0]:0
[52, 45, 38, 31, 0]:0
[500, 375, 250, 125, 0]:0
[385, 304, 223, 142, 0]:0
[553, 467, 381, 295, 0]:0
[47, 36, 25, 14, 0]:0
[62, 51, 40, 29, 0]:0
[506, 369, 232, 95, 0]:0
[911, 694, 477, 260, 0]:0
[73, 57, 41, 25, 0]:0
[754, 509, 264, 19, 0]:0
[28, 23, 18, 13, 0]:0
[47, 38, 29, 20, 0]:0
[47, 33, 19, 5, 0]:0
[401, 324, 247, 170, 0]:0
[415, 331, 247, 163, 0]:0
[68, 57, 46, 35, 0]:0
[41, 34, 27, 20, 0]:0
[55, 39, 23, 7, 0]:0
[422, 331, 240, 149, 0]:0
[439, 337, 235, 133, 0]:0
[233, 180, 127, 74, 0]:0
[71, 59, 47, 35, 0]:0
[556, 465, 374, 283, 0]:0
[943, 740, 537, 334, 0]:0
[932, 783, 634, 485, 0]:0
[319, 230, 141, 52, 0]:0
[463, 380, 297, 214, 0]:0
[44, 31, 18, 5, 0]:0
[742, 523, 304, 85, 0]:0
[292, 207, 122, 37, 0]:0
[74, 61, 48, 35, 0]:0
[7, 6, 5, 4, 0]:0
[575, 489, 403, 317, 0]:0
[34, 25, 16, 7, 0]:0
[295, 234, 173, 112, 0]:0
[439, 341, 243, 145, 0]:0
[73, 58, 43, 28, 0]:0
[31, 23, 15, 7, 0]:0
[406, 323, 240, 157, 0]:0
[79, 59, 39, 19, 0]:0
[25, 19, 13, 7, 0]:0
[100, 79, 58, 37, 0]:0
[551, 471, 391, 311, 0]:0
[566, 475, 384, 293, 0]:0
[559, 489, 419, 349, 0]:0
[268, 199, 130, 61, 0]:0
[449, 344, 239, 134, 0]:0
[185, 162, 139, 116, 0]:0
[959, 771, 583, 395, 0]:0
[652, 467, 282, 97, 0]:0
[209, 160, 111, 62, 0]:0
[97, 76, 55, 34, 0]:0
[103, 73, 43, 13, 0]:0
[284, 207, 130, 53, 0]:0
[313, 249, 185, 121, 0]:0
[28, 25, 22, 19, 0]:0
[98, 69, 40, 11, 0]:0
[329, 236, 143, 50, 0]:0
[287, 233, 179, 125, 0]:0
[508, 375, 242, 109, 0]:0
[100, 73, 46, 19, 0]:0
[265, 219, 173, 127, 0]:0
[23, 20, 17, 14, 0]:0
[127, 87, 47, 7, 0]:0
[689, 464, 239, 14, 0]:0
[119, 82, 45, 8, 0]:0
[100, 75, 50, 25, 0]:0
[353, 267, 181, 95, 0]:0
[979, 712, 445, 178, 0]:0
[284, 229, 174, 119, 0]:0
[95, 67, 39, 11, 0]:0
[527, 461, 395, 329, 0]:0
[524, 459, 394, 329, 0]:0
[124, 101, 78, 55, 0]:0
[529, 405, 281, 157, 0]:0
[124, 89, 54, 19, 0]:0
[95, 69, 43, 17, 0]:0
[284, 237, 190, 143, 0]:0
[839, 730, 621, 512, 0]:0
[337, 243, 149, 55, 0]:0
[620, 475, 330, 185, 0]:0
[553, 405, 257, 109, 0]:0
[260, 205, 150, 95, 0]:0
[124, 95, 66, 37, 0]:0
[257, 193, 129, 65, 0]:0
[260, 225, 190, 155, 0]:0
[274, 229, 184, 139, 0]:0
[577, 500, 423, 346, 0]:0
[167, 123, 79, 35, 0]:0
[286, 215, 144, 73, 0]:0
[322, 237, 152, 67, 0]:0
[1009, 722, 435, 148, 0]:0
[295, 254, 213, 172, 0]:0
[350, 251, 152, 53, 0]:0
[794, 617, 440, 263, 0]:0
[124, 109, 94, 79, 0]:0
[137, 103, 69, 35, 0]:0
[52, 41, 30, 19, 0]:0
[596, 505, 414, 323, 0]:0
[460, 327, 194, 61, 0]:0
[295, 244, 193, 142, 0]:0
[559, 422, 285, 148, 0]:0
[214, 167, 120, 73, 0]:0
[151, 115, 79, 43, 0]:0
[175, 122, 69, 16, 0]:0
[295, 246, 197, 148, 0]:0
[140, 103, 66, 29, 0]:0
[550, 431, 312, 193, 0]:0
[151, 116, 81, 46, 0]:0
[151, 111, 71, 31, 0]:0
[524, 405, 286, 167, 0]:0
[610, 449, 288, 127, 0]:0
[814, 591, 368, 145, 0]:0
[313, 235, 157, 79, 0]:0
[217, 172, 127, 82, 0]:0
[593, 435, 277, 119, 0]:0
[1007, 872, 737, 602, 0]:0
[145, 114, 83, 52, 0]:0
[134, 115, 96, 77, 0]:0
[185, 137, 89, 41, 0]:0
[103, 79, 55, 31, 0]:0
[209, 142, 75, 8, 0]:0
[151, 124, 97, 70, 0]:0
[527, 431, 335, 239, 0]:0
[253, 184, 115, 46, 0]:0
[137, 118, 99, 80, 0]:0
[527, 402, 277, 152, 0]:0
[455, 316, 177, 38, 0]:0
[161, 141, 121, 101, 0]:0
[167, 137, 107, 77, 0]:0
[223, 160, 97, 34, 0]:0
[713, 489, 265, 41, 0]:0
[287, 230, 173, 116, 0]:0
[623, 458, 293, 128, 0]:0
[220, 163, 106, 49, 0]:0
[665, 461, 257, 53, 0]:0
[748, 509, 270, 31, 0]:0
[343, 298, 253, 208, 0]:0
[658, 457, 256, 55, 0]:0
[151, 123, 95, 67, 0]:0
[218, 149, 80, 11, 0]:0
[625, 461, 297, 133, 0]:0
[698, 537, 376, 215, 0]:0
[743, 650, 557, 464, 0]:0
[178, 129, 80, 31, 0]:0
[961, 684, 407, 130, 0]:0
[748, 505, 262, 19, 0]:0
[209, 155, 101, 47, 0]:0
[676, 543, 410, 277, 0]:0
[169, 141, 113, 85, 0]:0
[172, 145, 118, 91, 0]:0
[623, 492, 361, 230, 0]:0
[209, 156, 103, 50, 0]:0
[236, 159, 82, 5, 0]:0
[673, 458, 243, 28, 0]:0
[649, 457, 265, 73, 0]:0
[151, 130, 109, 88, 0]:0
[838, 579, 320, 61, 0]:0
[178, 149, 120, 91, 0]:0
[151, 129, 107, 85, 0]:0
[199, 144, 89, 34, 0]:0
[241, 184, 127, 70, 0]:0
[623, 477, 331, 185, 0]:0
[223, 172, 121, 70, 0]:0
[953, 808, 663, 518, 0]:0
[220, 149, 78, 7, 0]:0
[215, 169, 123, 77, 0]:0
[218, 169, 120, 71, 0]:0
[209, 144, 79, 14, 0]:0
[641, 459, 277, 95, 0]:0
[527, 367, 207, 47, 0]:0
[182, 155, 128, 101, 0]:0
[217, 166, 115, 64, 0]:0
[199, 155, 111, 67, 0]:0
[196, 153, 110, 67, 0]:0
[817, 607, 397, 187, 0]:0
[194, 165, 136, 107, 0]:0
[628, 493, 358, 223, 0]:0
[881, 718, 555, 392, 0]:0
[626, 501, 376, 251, 0]:0
[215, 151, 87, 23, 0]:0
[700, 515, 330, 145, 0]:0
[521, 358, 195, 32, 0]:0
[193, 153, 113, 73, 0]:0
[500, 415, 330, 245, 0]:0
[238, 183, 128, 73, 0]:0
[271, 204, 137, 70, 0]:0
[193, 157, 121, 85, 0]:0
[212, 177, 142, 107, 0]:0
[532, 367, 202, 37, 0]:0
[998, 839, 680, 521, 0]:0
[23, 17, 11, 5, 0]:0
[215, 177, 139, 101, 0]:0
[172, 117, 62, 7, 0]:0
[238, 199, 160, 121, 0]:0
[775, 639, 503, 367, 0]:0
[218, 185, 152, 119, 0]:0
[526, 383, 240, 97, 0]:0
[218, 173, 128, 83, 0]:0
[217, 173, 129, 85, 0]:0
[772, 517, 262, 7, 0]:0
[514, 377, 240, 103, 0]:0
[223, 179, 135, 91, 0]:0
[518, 383, 248, 113, 0]:0
[658, 493, 328, 163, 0]:0
[601, 468, 335, 202, 0]:0
[250, 201, 152, 103, 0]:0
[620, 445, 270, 95, 0]:0
[647, 503, 359, 215, 0]:0
[574, 387, 200, 13, 0]:0
[842, 577, 312, 47, 0]:0
[799, 541, 283, 25, 0]:0
[559, 396, 233, 70, 0]:0
[65, 54, 43, 32, 0]:0
[769, 620, 471, 322, 0]:0
[887, 697, 507, 317, 0]:0
[553, 468, 383, 298, 0]:0
[602, 473, 344, 215, 0]:0
[823, 642, 461, 280, 0]:0
[244, 207, 170, 133, 0]:0
[511, 408, 305, 202, 0]:0
[809, 570, 331, 92, 0]:0
[817, 663, 509, 355, 0]:0
[242, 193, 144, 95, 0]:0
[647, 543, 439, 335, 0]:0
[772, 555, 338, 121, 0]:0
[892, 605, 318, 31, 0]:0
[812, 583, 354, 125, 0]:0
[553, 400, 247, 94, 0]:0
[569, 405, 241, 77, 0]:0
[623, 438, 253, 68, 0]:0
[785, 554, 323, 92, 0]:0
[649, 445, 241, 37, 0]:0
[634, 529, 424, 319, 0]:0
[623, 514, 405, 296, 0]:0
[247, 213, 179, 145, 0]:0
[332, 251, 170, 89, 0]:0
[623, 519, 415, 311, 0]:0
[343, 290, 237, 184, 0]:0
[287, 215, 143, 71, 0]:0
[785, 587, 389, 191, 0]:0
[641, 431, 221, 11, 0]:0
[631, 523, 415, 307, 0]:0
[593, 424, 255, 86, 0]:0
[889, 635, 381, 127, 0]:0
[628, 515, 402, 289, 0]:0
[622, 523, 424, 325, 0]:0
[697, 608, 519, 430, 0]:0
[809, 585, 361, 137, 0]:0
[697, 568, 439, 310, 0]:0
[857, 611, 365, 119, 0]:0
[692, 565, 438, 311, 0]:0
[647, 433, 219, 5, 0]:0
[713, 614, 515, 416, 0]:0
[191, 151, 111, 71, 0]:0
[932, 713, 494, 275, 0]:0
[847, 716, 585, 454, 0]:0
[665, 549, 433, 317, 0]:0
[676, 461, 246, 31, 0]:0
[10, 9, 8, 7, 0]:0
[649, 536, 423, 310, 0]:0
[607, 516, 425, 334, 0]:0
[794, 577, 360, 143, 0]:0
[119, 92, 65, 38, 0]:0
[737, 493, 249, 5, 0]:0
[673, 535, 397, 259, 0]:0
[809, 617, 425, 233, 0]:0
[617, 478, 339, 200, 0]:0
[545, 404, 263, 122, 0]:0
[847, 610, 373, 136, 0]:0
[271, 200, 129, 58, 0]:0
[716, 569, 422, 275, 0]:0
[641, 523, 405, 287, 0]:0
[850, 613, 376, 139, 0]:0
[721, 575, 429, 283, 0]:0
[340, 285, 230, 175, 0]:0
[665, 533, 401, 269, 0]:0
[662, 531, 400, 269, 0]:0
[649, 542, 435, 328, 0]:0
[791, 611, 431, 251, 0]:0
[719, 565, 411, 257, 0]:0
[716, 563, 410, 257, 0]:0
[743, 604, 465, 326, 0]:0
[719, 579, 439, 299, 0]:0
[1009, 691, 373, 55, 0]:0
[100, 83, 66, 49, 0]:0
[673, 573, 473, 373, 0]:0
[740, 589, 438, 287, 0]:0
[700, 575, 450, 325, 0]:0
