[24, 21, 18, 3, 0]:69
[37, 32, 27, 5, 0]:103
[38, 33, 28, 5, 0]:106
[39, 34, 29, 5, 0]:109
[40, 35, 30, 5, 0]:117
[57, 50, 43, 7, 0]:161
[68, 59, 50, 9, 0]:192
[72, 63, 54, 9, 0]:213
[100, 87, 74, 13, 0]:284
[114, 99, 84, 15, 0]:324
[120, 105, 90, 15, 0]:357
[125, 108, 91, 17, 0]:355
[136, 119, 102, 17, 0]:405
[138, 119, 100, 19, 0]:392
[145, 126, 107, 19, 0]:413
[187, 161, 135, 26, 0]:532
[200, 175, 150, 25, 0]:597
[216, 189, 162, 27, 0]:645
[241, 210, 179, 31, 0]:689
[261, 224, 187, 37, 0]:743
[273, 238, 203, 35, 0]:781
[274, 239, 204, 35, 0]:784
[300, 261, 222, 39, 0]:858
[332, 285, 238, 47, 0]:946
[332, 287, 242, 45, 0]:948
[340, 295, 250, 45, 0]:972
[342, 297, 252, 45, 0]:978
[347, 300, 253, 47, 0]:991
[360, 315, 270, 45, 0]:1077
[362, 315, 268, 47, 0]:1036
[377, 330, 283, 47, 0]:1081
[408, 357, 306, 51, 0]:1221
[414, 357, 300, 57, 0]:1182
[425, 369, 313, 56, 0]:1216
[444, 381, 318, 63, 0]:1266
[458, 395, 332, 63, 0]:1308
[465, 403, 341, 62, 0]:1330
[486, 425, 364, 61, 0]:1394
[487, 422, 357, 65, 0]:1393
[493, 427, 361, 66, 0]:1410
[500, 435, 370, 65, 0]:1432
[507, 437, 367, 70, 0]:1448
[508, 443, 378, 65, 0]:1456
[564, 485, 406, 79, 0]:1610
[565, 487, 409, 78, 0]:1614
[575, 498, 421, 77, 0]:1645
[577, 498, 419, 79, 0]:1649
[580, 507, 434, 73, 0]:1664
[586, 511, 436, 75, 0]:1680
[589, 512, 435, 77, 0]:1687
[600, 525, 450, 75, 0]:1797
[642, 551, 460, 91, 0]:1832
[648, 567, 486, 81, 0]:1941
[680, 595, 510, 85, 0]:2037
[726, 629, 532, 97, 0]:2078
[740, 635, 530, 105, 0]:2112
[740, 637, 534, 103, 0]:2114
[741, 640, 539, 101, 0]:2119
[797, 688, 579, 109, 0]:2279
[822, 717, 612, 105, 0]:2358
[827, 716, 605, 111, 0]:2367
[834, 719, 604, 115, 0]:2384
[835, 724, 613, 111, 0]:2391
[851, 741, 631, 110, 0]:2440
[851, 744, 637, 107, 0]:2443
[873, 758, 643, 115, 0]:2501
[886, 769, 652, 117, 0]:2538
[886, 773, 660, 113, 0]:2542
[900, 783, 666, 117, 0]:2580
[915, 796, 677, 119, 0]:2623
[953, 830, 707, 123, 0]:2733
[965, 839, 713, 126, 0]:2766
[966, 833, 700, 133, 0]:2762
[971, 836, 701, 135, 0]:2775
[981, 856, 731, 125, 0]:2815
[996, 861, 726, 135, 0]:2850
[1000, 875, 750, 125, 0]:2997
[1026, 891, 756, 135, 0]:2940
[1037, 903, 769, 134, 0]:2974
[1047, 911, 775, 136, 0]:3002
[1055, 923, 791, 132, 0]:3030
[1075, 932, 789, 143, 0]:3079
[1076, 931, 786, 145, 0]:3080
[1080, 945, 810, 135, 0]:3237
[1086, 945, 804, 141, 0]:3114
[1100, 957, 814, 143, 0]:3154
[1103, 958, 813, 145, 0]:3161
[1123, 972, 821, 151, 0]:3215
[1124, 979, 834, 145, 0]:3224
[1129, 981, 833, 148, 0]:3236
[1194, 1031, 868, 163, 0]:3416
[1224, 1071, 918, 153, 0]:3669
[1242, 1071, 900, 171, 0]:3552
[1276, 1101, 926, 175, 0]:3650
[1289, 1125, 961, 164, 0]:3700
[1313, 1137, 961, 176, 0]:3760
[1325, 1139, 953, 186, 0]:3786
[1325, 1159, 993, 166, 0]:3806
[1332, 1143, 954, 189, 0]:3804
[1349, 1179, 1009, 170, 0]:3874
[1374, 1185, 996, 189, 0]:3930
[1395, 1204, 1013, 191, 0]:3991
[1395, 1216, 1037, 179, 0]:4003
[1396, 1221, 1046, 175, 0]:4010
[1402, 1223, 1044, 179, 0]:4024
[1438, 1233, 1028, 205, 0]:4106
[1444, 1251, 1058, 193, 0]:4136
[1465, 1258, 1051, 207, 0]:4185
[1468, 1273, 1078, 195, 0]:4206
[1500, 1305, 1110, 195, 0]:4302
[1524, 1329, 1134, 195, 0]:4374
[1578, 1355, 1132, 223, 0]:4508
[1612, 1383, 1154, 229, 0]:4604
[1615, 1407, 1199, 208, 0]:4634
[1660, 1425, 1190, 235, 0]:4742
[1660, 1435, 1210, 225, 0]:4752
[1691, 1476, 1261, 215, 0]:4855
[1692, 1455, 1218, 237, 0]:4836
[1699, 1461, 1223, 238, 0]:4856
[1700, 1475, 1250, 225, 0]:4872
[1723, 1485, 1247, 238, 0]:4928
[1727, 1482, 1237, 245, 0]:4933
[1733, 1504, 1275, 229, 0]:4967
[1740, 1521, 1302, 219, 0]:4998
[1758, 1533, 1308, 225, 0]:5046
[1759, 1514, 1269, 245, 0]:5029
[1770, 1531, 1292, 239, 0]:5068
[1795, 1569, 1343, 226, 0]:5156
[1800, 1575, 1350, 225, 0]:5397
[1823, 1567, 1311, 256, 0]:5210
[1827, 1568, 1309, 259, 0]:5219
[1828, 1589, 1350, 239, 0]:5242
[1845, 1592, 1339, 253, 0]:5279
[1857, 1610, 1363, 247, 0]:5321
[1884, 1621, 1358, 263, 0]:5386
[1885, 1619, 1353, 266, 0]:5386
[1892, 1653, 1414, 239, 0]:5434
[1893, 1643, 1393, 250, 0]:5426
[1911, 1666, 1421, 245, 0]:5485
[1929, 1666, 1403, 263, 0]:5521
[1944, 1701, 1458, 243, 0]:5829
[1956, 1681, 1406, 275, 0]:5590
[1964, 1711, 1458, 253, 0]:5636
[1980, 1711, 1442, 269, 0]:5668
