[19, 14, 13, 1, 0]:77
[19, 15, 14, 11, 0]:85
[19, 9, 4, 1, 0]:73
[19, 16, 12, 7, 0]:83
[19, 18, 6, 4, 0]:88
[19, 15, 13, 7, 0]:78
[19, 10, 8, 1, 0]:68
[19, 17, 12, 1, 0]:93
[19, 17, 11, 6, 0]:77
[19, 15, 14, 5, 0]:76
[19, 12, 3, 2, 0]:74
[19, 17, 15, 7, 0]:76
[19, 16, 10, 1, 0]:79
[19, 17, 12, 2, 0]:80
[19, 17, 8, 7, 0]:87
[19, 14, 5, 4, 0]:64
[19, 18, 15, 7, 0]:100
[19, 15, 8, 2, 0]:80
[19, 13, 6, 4, 0]:69
[19, 15, 5, 2, 0]:80
[19, 6, 4, 2, 0]:54
[19, 18, 10, 4, 0]:92
[19, 18, 9, 2, 0]:81
[19, 15, 12, 4, 0]:70
[19, 11, 10, 4, 0]:78
[19, 13, 12, 11, 0]:82
[19, 16, 8, 4, 0]:80
[19, 8, 5, 1, 0]:76
[19, 16, 5, 4, 0]:80
[19, 12, 7, 4, 0]:65
[19, 13, 4, 2, 0]:67
[19, 12, 9, 7, 0]:72
[19, 14, 9, 5, 0]:50
[19, 7, 4, 3, 0]:65
[19, 14, 9, 8, 0]:71
[19, 15, 14, 3, 0]:92
[19, 13, 9, 7, 0]:67
[19, 18, 8, 1, 0]:83
[19, 13, 6, 5, 0]:66
[19, 13, 11, 4, 0]:82
[19, 12, 11, 6, 0]:77
[19, 12, 6, 2, 0]:69
[19, 14, 13, 7, 0]:79
[19, 17, 11, 10, 0]:90
[19, 17, 13, 11, 0]:64
[19, 14, 4, 1, 0]:75
[19, 18, 6, 3, 0]:85
[19, 9, 8, 7, 0]:73
[19, 16, 9, 6, 0]:67
[19, 13, 12, 4, 0]:83
[19, 17, 7, 5, 0]:66
[19, 14, 12, 3, 0]:88
[19, 18, 9, 8, 0]:71
[19, 15, 14, 1, 0]:83
[19, 18, 11, 6, 0]:87
[19, 7, 4, 1, 0]:69
[19, 18, 4, 3, 0]:75
[19, 11, 10, 7, 0]:80
[19, 16, 13, 10, 0]:53
[19, 17, 12, 11, 0]:88
[19, 18, 14, 6, 0]:101
[19, 11, 5, 1, 0]:79
[19, 18, 10, 1, 0]:72
[19, 14, 10, 3, 0]:80
[19, 13, 12, 2, 0]:88
[19, 16, 14, 2, 0]:84
[19, 16, 14, 3, 0]:89
[19, 13, 10, 8, 0]:78
[19, 11, 5, 3, 0]:62
[19, 15, 7, 2, 0]:77
[19, 12, 11, 10, 0]:83
[19, 12, 3, 1, 0]:72
[19, 11, 8, 4, 0]:62
[19, 16, 7, 5, 0]:86
[19, 15, 11, 2, 0]:70
[19, 9, 7, 6, 0]:75
[19, 16, 15, 13, 0]:89
[19, 15, 11, 3, 0]:59
[19, 9, 5, 3, 0]:76
[19, 8, 6, 5, 0]:75
[19, 18, 11, 8, 0]:94
[19, 14, 8, 6, 0]:79
[19, 15, 3, 2, 0]:82
[19, 14, 7, 4, 0]:69
[19, 15, 13, 12, 0]:79
[19, 12, 10, 7, 0]:70
[19, 15, 9, 2, 0]:84
[19, 18, 7, 5, 0]:88
[19, 17, 15, 13, 0]:53
[19, 15, 12, 8, 0]:67
[19, 13, 11, 7, 0]:74
[19, 13, 2, 1, 0]:69
[19, 14, 6, 5, 0]:68
[19, 17, 14, 1, 0]:93
[19, 10, 8, 5, 0]:71
[19, 18, 14, 5, 0]:100
[19, 16, 12, 10, 0]:87
[19, 12, 9, 8, 0]:81
[19, 16, 12, 9, 0]:73
[19, 17, 16, 12, 0]:95
[19, 12, 8, 4, 0]:55
[19, 17, 9, 4, 0]:79
[19, 11, 10, 2, 0]:65
[19, 14, 8, 4, 0]:73
[19, 16, 10, 4, 0]:77
[19, 15, 11, 8, 0]:64
[19, 14, 10, 8, 0]:80
[19, 15, 13, 10, 0]:85
[19, 14, 13, 3, 0]:90
[19, 15, 5, 3, 0]:85
[19, 12, 11, 1, 0]:71
[19, 14, 6, 4, 0]:76
[19, 11, 10, 9, 0]:65
[19, 16, 14, 13, 0]:89
[19, 9, 3, 2, 0]:73
[19, 10, 7, 4, 0]:70
[19, 13, 10, 5, 0]:73
[19, 15, 8, 1, 0]:73
[19, 9, 6, 4, 0]:77
[19, 15, 11, 6, 0]:68
[19, 12, 4, 1, 0]:72
[19, 18, 13, 2, 0]:80
[19, 10, 9, 6, 0]:68
[19, 14, 4, 3, 0]:78
[19, 10, 9, 3, 0]:69
[19, 15, 8, 6, 0]:75
[19, 17, 14, 13, 0]:91
[19, 16, 13, 5, 0]:73
[19, 14, 8, 3, 0]:67
[19, 11, 6, 1, 0]:70
[19, 13, 12, 6, 0]:53
[19, 18, 8, 7, 0]:75
[19, 9, 8, 5, 0]:74
[19, 10, 6, 3, 0]:70
[19, 7, 2, 1, 0]:68
[19, 16, 10, 3, 0]:63
[19, 14, 8, 7, 0]:73
[19, 10, 8, 4, 0]:71
[19, 16, 13, 2, 0]:73
[19, 13, 6, 1, 0]:62
[19, 14, 11, 4, 0]:78
[19, 18, 10, 9, 0]:65
[19, 17, 10, 2, 0]:76
[19, 17, 16, 8, 0]:96
[19, 12, 8, 7, 0]:73
[19, 10, 5, 4, 0]:65
[19, 15, 7, 4, 0]:61
[19, 14, 2, 1, 0]:67
[19, 9, 8, 1, 0]:63
[19, 15, 12, 6, 0]:87
[19, 10, 7, 5, 0]:66
[19, 16, 15, 3, 0]:93
[19, 14, 11, 6, 0]:65
[19, 13, 4, 1, 0]:73
[19, 13, 12, 10, 0]:81
[19, 10, 4, 2, 0]:68
[19, 15, 8, 5, 0]:73
[19, 16, 15, 5, 0]:94
[19, 12, 6, 3, 0]:66
[19, 14, 11, 9, 0]:71
[19, 16, 12, 5, 0]:91
[19, 18, 10, 8, 0]:87
[19, 10, 7, 3, 0]:68
[19, 10, 6, 4, 0]:68
[19, 16, 9, 1, 0]:83
[19, 12, 11, 7, 0]:74
[19, 18, 15, 1, 0]:91
[19, 14, 7, 3, 0]:72
[19, 10, 3, 2, 0]:73
[19, 15, 13, 6, 0]:82
[19, 14, 3, 1, 0]:74
[19, 9, 7, 3, 0]:77
[19, 16, 8, 7, 0]:80
[19, 10, 8, 2, 0]:66
[19, 13, 5, 1, 0]:75
[19, 15, 11, 5, 0]:71
[19, 18, 4, 1, 0]:77
[19, 17, 10, 1, 0]:86
[19, 13, 9, 3, 0]:65
[19, 16, 14, 8, 0]:88
[19, 18, 11, 3, 0]:93
[19, 16, 11, 9, 0]:87
[19, 13, 10, 1, 0]:76
[19, 8, 5, 3, 0]:65
[19, 8, 3, 2, 0]:74
[19, 17, 7, 6, 0]:81
[19, 17, 14, 9, 0]:88
[19, 16, 13, 11, 0]:75
[19, 10, 3, 1, 0]:63
[19, 16, 12, 3, 0]:77
[19, 15, 6, 5, 0]:80
[19, 11, 4, 1, 0]:73
[19, 18, 15, 12, 0]:100
[19, 18, 10, 3, 0]:97
[19, 11, 9, 5, 0]:80
[19, 15, 12, 3, 0]:80
[19, 14, 10, 6, 0]:74
[19, 11, 9, 8, 0]:74
[19, 13, 8, 1, 0]:77
[19, 11, 9, 1, 0]:67
[19, 18, 10, 6, 0]:91
[19, 11, 3, 1, 0]:64
[19, 6, 5, 1, 0]:63
[19, 17, 11, 9, 0]:70
[19, 9, 3, 1, 0]:73
[19, 18, 13, 4, 0]:91
[19, 17, 11, 4, 0]:76
[19, 13, 10, 9, 0]:79
[19, 13, 10, 3, 0]:61
[19, 14, 13, 6, 0]:81
[19, 17, 16, 6, 0]:94
[19, 17, 13, 8, 0]:80
[19, 17, 10, 8, 0]:76
[19, 11, 7, 2, 0]:76
[19, 13, 11, 1, 0]:85
[19, 4, 2, 1, 0]:68
[19, 16, 14, 12, 0]:96
[19, 16, 15, 1, 0]:81
[19, 18, 13, 6, 0]:86
[19, 15, 10, 7, 0]:79
[19, 4, 3, 1, 0]:59
[19, 15, 8, 3, 0]:74
[19, 17, 15, 6, 0]:66
[19, 11, 10, 3, 0]:65
[19, 10, 9, 4, 0]:65
[19, 14, 13, 5, 0]:83
[19, 14, 5, 1, 0]:62
[19, 8, 2, 1, 0]:65
[19, 17, 15, 4, 0]:68
[19, 16, 14, 9, 0]:89
[19, 16, 14, 5, 0]:91
[19, 17, 11, 5, 0]:83
[19, 17, 13, 6, 0]:81
[19, 14, 13, 4, 0]:89
[19, 12, 9, 2, 0]:65
[19, 16, 15, 12, 0]:85
[19, 18, 15, 5, 0]:99
[19, 16, 12, 11, 0]:92
[19, 15, 9, 5, 0]:70
[19, 11, 8, 2, 0]:67
[19, 18, 11, 5, 0]:96
[19, 14, 13, 9, 0]:79
[19, 8, 4, 1, 0]:68
[19, 17, 11, 8, 0]:86
[19, 17, 15, 5, 0]:73
[19, 17, 12, 6, 0]:83
[19, 18, 13, 8, 0]:93
[19, 18, 5, 4, 0]:71
[19, 16, 13, 4, 0]:69
[19, 17, 11, 7, 0]:84
[19, 9, 2, 1, 0]:66
[19, 8, 7, 5, 0]:79
[19, 13, 12, 7, 0]:60
[19, 6, 5, 4, 0]:68
[19, 8, 7, 6, 0]:71
[19, 13, 11, 9, 0]:77
[19, 11, 7, 4, 0]:63
[19, 16, 11, 10, 0]:79
[19, 11, 8, 1, 0]:65
[19, 14, 10, 4, 0]:69
[19, 18, 16, 7, 0]:87
[19, 18, 8, 5, 0]:82
[19, 14, 4, 2, 0]:73
[19, 7, 6, 1, 0]:62
[19, 17, 4, 2, 0]:56
[19, 16, 7, 3, 0]:70
[19, 16, 11, 2, 0]:90
[19, 15, 14, 12, 0]:90
[19, 17, 12, 3, 0]:92
[19, 14, 12, 9, 0]:71
[19, 16, 6, 2, 0]:80
[19, 17, 9, 2, 0]:74
[19, 14, 6, 2, 0]:80
[19, 15, 14, 13, 0]:91
[19, 10, 9, 7, 0]:70
[19, 14, 10, 5, 0]:54
[19, 10, 8, 7, 0]:79
[19, 17, 9, 7, 0]:72
[19, 15, 14, 10, 0]:65
[19, 12, 11, 9, 0]:84
[19, 12, 11, 4, 0]:64
[19, 13, 7, 4, 0]:66
[19, 15, 8, 7, 0]:68
[19, 15, 12, 2, 0]:83
[19, 18, 11, 4, 0]:82
[19, 18, 14, 2, 0]:84
[19, 14, 12, 8, 0]:81
[19, 15, 14, 6, 0]:87
[19, 14, 12, 6, 0]:87
[19, 15, 14, 4, 0]:81
[19, 14, 12, 4, 0]:83
[19, 18, 15, 6, 0]:94
[19, 18, 13, 12, 0]:71
[19, 15, 14, 2, 0]:88
[19, 12, 11, 8, 0]:77
[19, 16, 9, 7, 0]:80
[19, 14, 12, 2, 0]:73
[19, 12, 8, 3, 0]:78
[19, 11, 8, 5, 0]:60
[19, 9, 5, 1, 0]:68
[19, 15, 11, 4, 0]:50
[19, 13, 9, 1, 0]:80
[19, 14, 13, 2, 0]:91
[19, 14, 10, 2, 0]:79
[19, 15, 10, 2, 0]:80
[19, 15, 10, 3, 0]:91
[19, 17, 15, 8, 0]:79
[19, 14, 9, 2, 0]:68
[19, 16, 13, 3, 0]:51
[19, 14, 11, 1, 0]:81
[19, 13, 11, 2, 0]:66
[19, 13, 8, 2, 0]:68
[19, 14, 12, 11, 0]:89
[19, 12, 9, 3, 0]:73
[19, 12, 5, 4, 0]:65
[19, 10, 9, 2, 0]:65
[19, 6, 3, 2, 0]:66
[19, 10, 6, 2, 0]:68
[19, 9, 8, 2, 0]:79
[19, 12, 7, 1, 0]:65
[19, 13, 7, 1, 0]:53
[19, 17, 12, 8, 0]:79
[19, 11, 7, 6, 0]:78
[19, 15, 2, 1, 0]:67
[19, 10, 4, 1, 0]:63
[19, 7, 6, 2, 0]:74
[19, 11, 3, 2, 0]:64
[19, 7, 4, 2, 0]:70
[19, 11, 2, 1, 0]:64
[19, 17, 8, 5, 0]:87
[19, 6, 4, 1, 0]:73
[19, 7, 3, 2, 0]:72
[19, 6, 2, 1, 0]:66
[19, 5, 4, 1, 0]:59
[19, 16, 15, 7, 0]:95
[19, 18, 14, 13, 0]:78
[19, 17, 13, 5, 0]:81
[19, 18, 12, 1, 0]:89
[19, 14, 12, 1, 0]:92
[19, 5, 2, 1, 0]:68
[19, 5, 3, 1, 0]:66
[19, 3, 2, 1, 0]:53
[19, 16, 6, 1, 0]:81
[19, 12, 11, 3, 0]:72
[19, 12, 5, 2, 0]:64
[19, 14, 11, 8, 0]:72
[19, 14, 5, 2, 0]:65
[19, 10, 5, 1, 0]:59
[19, 5, 4, 3, 0]:67
[19, 17, 13, 7, 0]:87
[19, 12, 9, 4, 0]:77
[19, 13, 8, 3, 0]:71
[19, 14, 11, 3, 0]:62
[19, 17, 10, 5, 0]:79
[19, 17, 12, 7, 0]:78
[19, 13, 10, 4, 0]:69
[19, 18, 15, 2, 0]:93
[19, 5, 4, 2, 0]:67
[19, 17, 10, 7, 0]:79
[19, 10, 6, 5, 0]:67
[19, 18, 12, 2, 0]:74
[19, 15, 13, 3, 0]:82
[19, 13, 8, 6, 0]:70
[19, 15, 5, 1, 0]:64
[19, 18, 17, 14, 0]:85
[19, 17, 15, 2, 0]:52
[19, 17, 10, 3, 0]:85
[19, 12, 8, 5, 0]:67
[19, 14, 10, 7, 0]:74
[19, 16, 6, 3, 0]:57
[19, 12, 10, 2, 0]:69
[19, 13, 11, 10, 0]:84
[19, 18, 14, 1, 0]:87
[19, 18, 15, 13, 0]:97
[19, 9, 5, 4, 0]:64
[19, 14, 3, 2, 0]:75
[19, 8, 7, 2, 0]:76
[19, 17, 14, 4, 0]:88
[19, 10, 5, 3, 0]:66
[19, 14, 10, 1, 0]:70
[19, 11, 7, 5, 0]:75
[19, 8, 5, 4, 0]:67
[19, 18, 10, 2, 0]:79
[19, 7, 5, 2, 0]:62
[19, 10, 9, 1, 0]:55
[19, 15, 12, 10, 0]:88
[19, 8, 3, 1, 0]:74
[19, 15, 13, 8, 0]:82
[19, 18, 11, 2, 0]:81
[19, 17, 14, 3, 0]:93
[19, 16, 11, 3, 0]:58
[19, 18, 8, 2, 0]:84
[19, 13, 9, 5, 0]:70
[19, 14, 8, 2, 0]:78
[19, 17, 15, 1, 0]:77
[19, 16, 15, 11, 0]:86
[19, 16, 8, 2, 0]:72
[19, 10, 7, 1, 0]:65
[19, 17, 8, 2, 0]:73
[19, 16, 9, 3, 0]:65
[19, 17, 6, 2, 0]:66
[19, 18, 11, 10, 0]:74
[19, 18, 5, 3, 0]:83
[19, 16, 4, 3, 0]:67
[19, 16, 7, 1, 0]:76
[19, 18, 11, 9, 0]:88
[19, 18, 9, 3, 0]:88
[19, 17, 3, 2, 0]:66
[19, 17, 5, 1, 0]:83
[19, 16, 3, 1, 0]:68
[19, 17, 3, 1, 0]:67
[19, 18, 14, 9, 0]:97
[19, 11, 10, 5, 0]:75
[19, 16, 11, 7, 0]:90
[19, 15, 10, 1, 0]:75
[19, 8, 6, 2, 0]:64
[19, 17, 15, 10, 0]:87
[19, 17, 10, 6, 0]:82
[19, 15, 11, 9, 0]:75
[19, 18, 7, 6, 0]:75
[19, 12, 7, 2, 0]:62
[19, 17, 6, 4, 0]:63
[19, 16, 13, 1, 0]:72
[19, 16, 12, 6, 0]:77
[19, 16, 10, 8, 0]:72
[19, 16, 5, 3, 0]:62
[19, 18, 7, 2, 0]:85
[19, 16, 13, 12, 0]:84
[19, 18, 13, 3, 0]:94
[19, 12, 9, 5, 0]:66
[19, 16, 8, 6, 0]:76
[19, 18, 3, 1, 0]:75
[19, 14, 13, 11, 0]:90
[19, 15, 10, 4, 0]:73
[19, 15, 11, 7, 0]:52
[19, 17, 15, 9, 0]:76
[19, 14, 7, 2, 0]:61
[19, 13, 11, 5, 0]:66
[19, 17, 16, 1, 0]:77
[19, 17, 9, 6, 0]:87
[19, 17, 12, 4, 0]:77
[19, 11, 4, 2, 0]:69
[19, 14, 11, 5, 0]:74
[19, 18, 13, 9, 0]:98
[19, 16, 2, 1, 0]:67
[19, 17, 13, 2, 0]:71
[19, 17, 10, 9, 0]:84
[19, 15, 7, 5, 0]:78
[19, 17, 11, 1, 0]:95
[19, 18, 16, 11, 0]:98
[19, 15, 7, 3, 0]:60
[19, 16, 13, 7, 0]:61
[19, 16, 6, 5, 0]:79
[19, 16, 4, 1, 0]:66
[19, 17, 7, 1, 0]:87
[19, 16, 3, 2, 0]:64
[19, 11, 10, 6, 0]:83
[19, 18, 15, 4, 0]:98
[19, 18, 5, 1, 0]:81
[19, 15, 14, 7, 0]:89
[19, 16, 14, 6, 0]:84
[19, 17, 8, 6, 0]:67
[19, 17, 16, 11, 0]:101
[19, 18, 14, 11, 0]:97
[19, 9, 6, 1, 0]:78
[19, 16, 15, 14, 0]:87
[19, 17, 16, 7, 0]:87
[19, 17, 7, 2, 0]:73
[19, 11, 9, 6, 0]:74
[19, 16, 10, 7, 0]:62
[19, 16, 10, 6, 0]:64
[19, 15, 8, 4, 0]:56
[19, 17, 15, 12, 0]:82
[19, 8, 6, 3, 0]:65
[19, 13, 12, 8, 0]:86
[19, 15, 9, 1, 0]:79
[19, 17, 16, 3, 0]:90
[19, 13, 11, 3, 0]:75
[19, 10, 5, 2, 0]:69
[19, 10, 8, 3, 0]:78
[19, 14, 7, 6, 0]:67
[19, 13, 9, 4, 0]:75
[19, 5, 3, 2, 0]:60
[19, 14, 12, 5, 0]:59
[19, 17, 16, 14, 0]:83
[19, 9, 6, 5, 0]:73
[19, 14, 9, 1, 0]:69
[19, 15, 9, 4, 0]:70
[19, 14, 7, 1, 0]:78
[19, 9, 8, 4, 0]:72
[19, 15, 13, 4, 0]:73
[19, 15, 12, 7, 0]:78
[19, 14, 6, 3, 0]:69
[19, 18, 9, 6, 0]:83
[19, 13, 6, 2, 0]:67
[19, 16, 7, 2, 0]:85
[19, 18, 17, 1, 0]:61
[19, 11, 9, 7, 0]:75
[19, 17, 14, 8, 0]:96
[19, 11, 4, 3, 0]:63
[19, 18, 15, 10, 0]:101
[19, 11, 10, 8, 0]:73
[19, 18, 13, 10, 0]:94
[19, 17, 8, 4, 0]:69
[19, 12, 7, 3, 0]:66
[19, 17, 9, 3, 0]:91
[19, 13, 3, 1, 0]:72
[19, 12, 5, 3, 0]:65
[19, 13, 11, 8, 0]:77
[19, 9, 6, 2, 0]:74
[19, 18, 16, 1, 0]:79
[19, 17, 16, 13, 0]:93
[19, 17, 13, 3, 0]:84
[19, 17, 14, 6, 0]:91
[19, 16, 5, 2, 0]:64
[19, 18, 10, 5, 0]:83
[19, 7, 5, 4, 0]:75
[19, 16, 10, 9, 0]:77
[19, 17, 7, 4, 0]:77
[19, 16, 6, 4, 0]:78
[19, 15, 12, 11, 0]:78
[19, 18, 6, 1, 0]:87
[19, 12, 5, 1, 0]:66
[19, 15, 4, 2, 0]:58
[19, 14, 7, 5, 0]:65
[19, 18, 14, 10, 0]:98
[19, 15, 9, 6, 0]:80
[19, 14, 9, 4, 0]:50
[19, 14, 9, 3, 0]:69
[19, 18, 7, 1, 0]:81
[19, 12, 6, 1, 0]:63
[19, 16, 13, 8, 0]:63
[19, 17, 16, 5, 0]:96
[19, 13, 7, 3, 0]:63
[19, 16, 15, 4, 0]:90
[19, 16, 11, 5, 0]:75
[19, 9, 7, 1, 0]:74
[19, 18, 17, 4, 0]:84
[19, 17, 16, 10, 0]:95
[19, 18, 7, 3, 0]:87
[19, 14, 12, 7, 0]:54
[19, 15, 4, 1, 0]:63
[19, 16, 13, 9, 0]:67
[19, 6, 5, 3, 0]:70
[19, 11, 8, 6, 0]:65
[19, 18, 16, 4, 0]:91
[19, 16, 4, 2, 0]:79
[19, 11, 6, 4, 0]:74
[19, 17, 6, 5, 0]:86
[19, 8, 7, 3, 0]:74
[19, 16, 12, 8, 0]:87
[19, 15, 5, 4, 0]:66
[19, 17, 14, 7, 0]:93
[19, 16, 9, 5, 0]:88
[19, 18, 5, 2, 0]:82
[19, 11, 9, 3, 0]:64
[19, 17, 12, 5, 0]:76
[19, 6, 3, 1, 0]:67
[19, 14, 13, 10, 0]:87
[19, 9, 7, 4, 0]:75
[19, 18, 16, 5, 0]:100
[19, 16, 15, 6, 0]:92
[19, 12, 4, 2, 0]:70
[19, 9, 4, 3, 0]:74
[19, 17, 8, 1, 0]:81
[19, 12, 10, 4, 0]:77
[19, 16, 15, 2, 0]:91
[19, 18, 16, 15, 0]:68
[19, 18, 14, 3, 0]:89
[19, 17, 11, 3, 0]:84
[19, 13, 12, 9, 0]:85
[19, 12, 10, 9, 0]:81
[19, 17, 15, 3, 0]:72
[19, 10, 8, 6, 0]:72
[19, 18, 16, 13, 0]:98
[19, 14, 9, 6, 0]:70
[19, 4, 3, 2, 0]:66
[19, 18, 17, 13, 0]:93
[19, 18, 17, 12, 0]:86
[19, 18, 14, 7, 0]:91
[19, 11, 9, 2, 0]:70
[19, 18, 12, 4, 0]:87
[19, 18, 9, 1, 0]:68
[19, 14, 11, 7]:55
[19, 16, 14, 10, 0]:85
[19, 17, 7, 3, 0]:84
[19, 13, 8, 5, 0]:74
[19, 9, 8, 3, 0]:77
[19, 11, 7, 3, 0]:61
[19, 10, 7, 2, 0]:77
[19, 18, 12, 9, 0]:96
[19, 13, 10, 2, 0]:83
[19, 8, 6, 1, 0]:74
[19, 17, 13, 1, 0]:90
[19, 16, 8, 1, 0]:80
[19, 11, 10, 1, 0]:57
[19, 14, 6, 1, 0]:65
[19, 16, 7, 6, 0]:75
[19, 18, 13, 7, 0]:87
[19, 18, 15, 14, 0]:75
[19, 18, 17, 9, 0]:75
[19, 14, 8, 5, 0]:68
[19, 16, 15, 9, 0]:89
[19, 18, 12, 7, 0]:96
[19, 14, 13, 8, 0]:73
[19, 13, 5, 2, 0]:76
[19, 17, 5, 2, 0]:70
[19, 18, 17, 2, 0]:81
[19, 18, 17, 8, 0]:96
[19, 18, 16, 12, 0]:82
[19, 18, 15, 3, 0]:87
[19, 15, 3, 1, 0]:82
[19, 17, 15, 11, 0]:68
[19, 18, 2, 1, 0]:65
[19, 11, 8, 7, 0]:69
[19, 13, 8, 4, 0]:70
[19, 17, 13, 9, 0]:82
[19, 18, 17, 11, 0]:99
[19, 14, 5, 3, 0]:66
[19, 15, 9, 7, 0]:83
[19, 17, 12, 9, 0]:93
[19, 7, 6, 5, 0]:68
[19, 10, 6, 1, 0]:65
[19, 18, 8, 3, 0]:91
[19, 13, 7, 2, 0]:65
[19, 18, 17, 3, 0]:57
[19, 12, 6, 4, 0]:70
[19, 18, 9, 4, 0]:80
[19, 17, 4, 1, 0]:74
[19, 18, 15, 11, 0]:94
[19, 18, 16, 2, 0]:78
[19, 18, 9, 5, 0]:85
[19, 8, 6, 4, 0]:66
[19, 17, 14, 2, 0]:86
[19, 16, 15, 8, 0]:92
[19, 16, 8, 5, 0]:61
[19, 12, 10, 5, 0]:63
[19, 13, 7, 5, 0]:66
[19, 18, 9, 7, 0]:82
[19, 12, 10, 1, 0]:69
[19, 18, 17, 10, 0]:93
[19, 13, 12, 3, 0]:83
[19, 12, 9, 6, 0]:68
[19, 17, 14, 12, 0]:84
[19, 7, 6, 3, 0]:71
[19, 8, 4, 2, 0]:69
[19, 12, 11, 5, 0]:74
[19, 18, 17, 15, 0]:71
[19, 17, 13, 10, 0]:90
[19, 9, 7, 5, 0]:69
[19, 15, 12, 5, 0]:80
[19, 18, 16, 3, 0]:92
[19, 18, 16, 10, 0]:92
[19, 13, 4, 3, 0]:74
[19, 15, 12, 9, 0]:90
[19, 15, 13, 11, 0]:66
[19, 7, 5, 3, 0]:68
[19, 11, 7, 1, 0]:81
[19, 11, 6, 5, 0]:70
[19, 16, 9, 2, 0]:80
[19, 14, 8, 1, 0]:81
[19, 17, 10, 4, 0]:85
[19, 12, 8, 6, 0]:69
[19, 9, 6, 3, 0]:57
[19, 16, 10, 2, 0]:82
[19, 16, 5, 1, 0]:79
[19, 17, 14, 11, 0]:99
[19, 13, 11, 6, 0]:76
[19, 6, 4, 3, 0]:67
[19, 17, 14, 5, 0]:90
[19, 18, 17, 16, 0]:59
[19, 12, 8, 1, 0]:66
[19, 12, 8, 2, 0]:79
[19, 15, 14, 8, 0]:88
[19, 18, 13, 5, 0]:90
[19, 17, 2, 1, 0]:66
[19, 12, 7, 5, 0]:55
[19, 18, 4, 2, 0]:81
[19, 12, 2, 1, 0]:66
[19, 16, 12, 4, 0]:82
[19, 7, 5, 1, 0]:73
[19, 17, 5, 3, 0]:67
[19, 12, 9, 1, 0]:82
[19, 16, 10, 5, 0]:74
[19, 15, 10, 9, 0]:86
[19, 18, 16, 9, 0]:99
[19, 16, 13, 6, 0]:65
[19, 18, 12, 3, 0]:97
[19, 18, 8, 4, 0]:85
[19, 15, 6, 3, 0]:78
[19, 15, 6, 1, 0]:73
[19, 16, 14, 7, 0]:93
[19, 15, 13, 5, 0]:80
[19, 11, 6, 2, 0]:74
[19, 13, 8, 7, 0]:66
[19, 16, 12, 1, 0]:87
[19, 15, 7, 1, 0]:80
[19, 13, 10, 7, 0]:63
[19, 17, 6, 1, 0]:86
[19, 18, 16, 8, 0]:94
[19, 18, 15, 9, 0]:98
[19, 17, 16, 15, 0]:71
[19, 18, 17, 7, 0]:91
[19, 16, 14, 4, 0]:92
[19, 18, 6, 5, 0]:74
[19, 17, 6, 3, 0]:87
[19, 14, 11, 10, 0]:80
[19, 17, 13, 4, 0]:66
[19, 15, 9, 3, 0]:81
[19, 13, 10, 6, 0]:70
[19, 10, 9, 5, 0]:63
[19, 18, 3, 2, 0]:74
[19, 13, 9, 2, 0]:80
[19, 8, 7, 4, 0]:68
[19, 7, 3, 1, 0]:74
[19, 13, 12, 1, 0]:69
[19, 15, 6, 2, 0]:66
[19, 9, 5, 2, 0]:77
[19, 16, 11, 1, 0]:89
[19, 13, 9, 6, 0]:69
[19, 18, 11, 7, 0]:97
[19, 15, 9, 8, 0]:76
[19, 15, 10, 6, 0]:73
[19, 16, 11, 4, 0]:93
