[571, 334, 199, 103, 0]:2349
[571, 217, 151, 100, 0]:2426
[571, 313, 81, 42, 0]:2282
[571, 190, 169, 79, 0]:2456
[571, 143, 72, 62, 0]:2346
[571, 355, 233, 228, 0]:2625
[571, 338, 313, 11, 0]:2699
[571, 221, 206, 84, 0]:2493
[571, 225, 97, 4, 0]:2334
[571, 389, 364, 182, 0]:1706
[571, 349, 165, 10, 0]:2290
[571, 362, 176, 147, 0]:2397
[571, 423, 80, 65, 0]:2329
[571, 446, 80, 15, 0]:2280
[571, 398, 204, 73, 0]:2319
[571, 376, 180, 17, 0]:2280
[571, 460, 135, 6, 0]:2303
[571, 351, 283, 62, 0]:2568
[571, 330, 313, 153, 0]:2625
[571, 438, 259, 53, 0]:2431
[571, 259, 97, 16, 0]:2337
[571, 310, 243, 115, 0]:2484
[571, 435, 241, 174, 0]:2536
[571, 215, 175, 54, 0]:2447
[571, 457, 284, 2, 0]:2566
[571, 426, 353, 88, 0]:2713
[571, 352, 107, 29, 0]:2280
[571, 240, 94, 87, 0]:2368
[571, 358, 242, 20, 0]:2462
[571, 254, 247, 147, 0]:2576
[571, 417, 337, 64, 0]:2695
[571, 408, 365, 160, 0]:2761
[571, 450, 348, 1, 0]:2809
[571, 422, 356, 223, 0]:2735
[571, 476, 325, 291, 0]:2881
[571, 288, 260, 113, 0]:2534
[571, 396, 346, 6, 0]:2752
[571, 359, 242, 21, 0]:2459
[571, 266, 158, 135, 0]:2435
[571, 478, 376, 325, 0]:3212
[571, 306, 293, 163, 0]:2605
[571, 346, 108, 58, 0]:2287
[571, 514, 220, 157, 0]:2535
[571, 256, 141, 112, 0]:2409
[571, 494, 239, 22, 0]:2473
[571, 478, 334, 241, 0]:2068
[571, 514, 239, 162, 0]:2545
[571, 431, 341, 70, 0]:2693
[571, 512, 62, 10, 0]:2282
[571, 520, 381, 204, 0]:3414
[571, 264, 263, 178, 0]:2681
[571, 458, 395, 151, 0]:2939
[571, 406, 179, 129, 0]:2371
[571, 550, 273, 189, 0]:2990
[571, 514, 204, 106, 0]:2431
[571, 520, 148, 57, 0]:2376
[571, 386, 308, 39, 0]:2628
[571, 485, 430, 341, 0]:3638
[571, 418, 309, 250, 0]:2756
[571, 300, 54, 21, 0]:2280
[571, 424, 369, 140, 0]:2761
[571, 224, 209, 46, 0]:2516
[571, 528, 230, 121, 0]:2590
[571, 495, 478, 419, 0]:3603
[571, 453, 329, 250, 0]:2768
[571, 457, 323, 50, 0]:2667
[571, 494, 343, 164, 0]:2773
[571, 198, 99, 46, 0]:2114
[571, 318, 173, 28, 0]:2212
[571, 402, 268, 23, 0]:2478
[571, 368, 356, 10, 0]:2805
[571, 262, 79, 21, 0]:2323
[571, 241, 228, 5, 0]:2559
[571, 338, 110, 97, 0]:2363
[571, 495, 399, 162, 0]:3197
[571, 456, 351, 205, 0]:2761
[571, 401, 309, 116, 0]:2619
[571, 351, 119, 14, 0]:2280
[571, 334, 106, 34, 0]:2280
[571, 508, 435, 133, 0]:3538
[571, 426, 399, 376, 0]:3454
[571, 510, 387, 322, 0]:3246
[571, 515, 361, 290, 0]:2993
[571, 420, 131, 22, 0]:2280
[571, 398, 183, 40, 0]:2289
[571, 533, 217, 36, 0]:2507
[571, 254, 241, 233, 0]:2729
[571, 530, 290, 273, 0]:2814
[571, 459, 434, 271, 0]:3307
[571, 406, 283, 24, 0]:2562
[571, 402, 262, 191, 0]:2566
[571, 361, 252, 154, 0]:2478
[571, 353, 314, 229, 0]:2722
[571, 349, 190, 103, 0]:2325
[571, 212, 92, 37, 0]:2326
[571, 390, 265, 122, 0]:2502
[571, 481, 465, 159, 0]:3621
[571, 233, 222, 73, 0]:2521
[571, 410, 234, 229, 0]:2627
[571, 191, 174, 83, 0]:2464
[571, 497, 492, 268, 0]:4132
[571, 475, 321, 224, 0]:2714
[571, 515, 238, 96, 0]:2475
[571, 506, 442, 251, 0]:3843
[571, 378, 301, 198, 0]:2609
[571, 403, 381, 68, 0]:2810
[571, 501, 448, 324, 0]:3811
[571, 454, 288, 95, 0]:2571
[571, 538, 185, 117, 0]:2479
[571, 316, 313, 118, 0]:2648
[571, 532, 202, 13, 0]:2498
[571, 211, 118, 108, 0]:2394
[571, 430, 259, 96, 0]:2484
[571, 537, 214, 149, 0]:2542
[571, 450, 222, 157, 0]:2471
[571, 461, 356, 151, 0]:2820
[571, 438, 323, 307, 0]:2943
[571, 518, 170, 151, 0]:2527
[571, 504, 477, 25, 0]:3962
[571, 388, 345, 178, 0]:2691
[571, 479, 318, 233, 0]:2725
[571, 422, 125, 66, 0]:2286
[571, 495, 118, 84, 0]:2361
[571, 302, 91, 6, 0]:2308
[571, 348, 225, 187, 0]:2492
[571, 186, 129, 7, 0]:2392
[571, 519, 229, 217, 0]:2660
[571, 458, 97, 72, 0]:2326
[571, 442, 439, 346, 0]:3498
[571, 517, 382, 225, 0]:3392
[571, 356, 102, 38, 0]:2280
[571, 443, 134, 31, 0]:2285
[571, 248, 208, 30, 0]:2502
[571, 465, 463, 68, 0]:3441
[571, 352, 62, 17, 0]:2280
[571, 446, 227, 189, 0]:2538
[571, 283, 82, 60, 0]:2344
[571, 498, 290, 146, 0]:2497
[571, 543, 286, 260, 0]:2796
[571, 553, 318, 301, 0]:3815
[571, 426, 121, 12, 0]:2280
[571, 426, 403, 229, 0]:3050
[571, 467, 421, 198, 0]:3238
[571, 333, 260, 218, 0]:2632
[571, 490, 468, 271, 0]:3759
[571, 492, 191, 38, 0]:2391
[571, 398, 327, 217, 0]:2683
[571, 561, 342, 79, 0]:4310
[571, 380, 101, 49, 0]:2280
[571, 470, 367, 72, 0]:2968
[571, 537, 516, 88, 0]:5719
[571, 514, 461, 47, 0]:3899
[571, 466, 273, 250, 0]:2729
[571, 260, 218, 7, 0]:2520
[571, 547, 452, 450, 0]:6009
[571, 370, 157, 76, 0]:2280
[571, 490, 415, 24, 0]:3389
[571, 444, 169, 93, 0]:2337
[571, 507, 164, 106, 0]:2426
[571, 102, 70, 19, 0]:2353
[571, 498, 230, 79, 0]:2438
[571, 553, 417, 100, 0]:4282
[571, 502, 205, 139, 0]:2487
[571, 300, 46, 21, 0]:2280
[571, 373, 57, 23, 0]:2280
[571, 494, 232, 21, 0]:2465
[571, 314, 309, 149, 0]:2641
[571, 178, 87, 2, 0]:2324
[571, 516, 246, 201, 0]:2625
[571, 512, 445, 81, 0]:3757
[571, 515, 286, 42, 0]:2609
[571, 504, 489, 138, 0]:4090
[571, 194, 100, 3, 0]:2368
[571, 376, 225, 33, 0]:2385
[571, 555, 272, 257, 0]:3443
[571, 541, 351, 309, 0]:3076
[81, 150, 507, 571, 0]:2376
[54, 119, 122, 571, 0]:2414
[89, 304, 491, 571, 0]:2619
[25, 38, 516, 571, 0]:2550
[53, 290, 469, 571, 0]:2577
[258, 270, 411, 571, 0]:2766
[1, 96, 377, 571, 0]:2280
[13, 319, 454, 571, 0]:2696
[335, 350, 555, 571, 0]:3462
[406, 491, 546, 571, 0]:7171
[34, 97, 205, 571, 0]:2324
[169, 346, 559, 571, 0]:3502
[6, 79, 183, 571, 0]:2315
[87, 300, 333, 571, 0]:2597
[88, 241, 315, 571, 0]:2486
[4, 309, 464, 571, 0]:2663
[330, 331, 568, 571, 0]:4774
[349, 353, 516, 571, 0]:3929
[466, 489, 516, 571, 0]:4950
[18, 30, 562, 571, 0]:2243
[387, 424, 534, 571, 0]:2077
[457, 480, 533, 571, 0]:5017
[209, 241, 531, 571, 0]:2656
[77, 103, 536, 571, 0]:2397
[91, 513, 550, 571, 0]:7510
[181, 210, 265, 571, 0]:2589
[81, 400, 424, 571, 0]:2969
[140, 408, 473, 571, 0]:3167
[146, 276, 383, 571, 0]:2539
[191, 326, 406, 571, 0]:2626
[100, 214, 231, 571, 0]:2504
[350, 355, 524, 571, 0]:3339
[157, 173, 512, 571, 0]:2533
[237, 253, 551, 571, 0]:2732
[279, 296, 521, 571, 0]:3198
[164, 168, 569, 571, 0]:2463
[141, 153, 544, 571, 0]:2533
[454, 463, 546, 571, 0]:6012
[340, 377, 519, 571, 0]:3340
[352, 357, 556, 571, 0]:3601
[6, 10, 548, 571, 0]:2281
[16, 119, 570, 571, 0]:3749
[181, 456, 466, 571, 0]:3353
[9, 478, 546, 571, 0]:4820
[202, 465, 466, 571, 0]:3452
[16, 322, 396, 571, 0]:2689
[122, 187, 312, 571, 0]:2403
[130, 134, 228, 571, 0]:2443
[197, 408, 437, 571, 0]:3009
[117, 382, 406, 571, 0]:3012
[91, 182, 567, 571, 0]:3077
[52, 79, 366, 571, 0]:2304
[71, 357, 419, 571, 0]:2719
[38, 121, 146, 571, 0]:2395
[261, 334, 397, 571, 0]:2819
[15, 390, 510, 571, 0]:3125
[33, 148, 532, 571, 0]:3085
[323, 398, 481, 571, 0]:3314
[50, 139, 342, 571, 0]:2280
[274, 419, 495, 571, 0]:2435
[26, 332, 336, 571, 0]:2751
[148, 311, 449, 571, 0]:2639
[17, 306, 560, 571, 0]:2778
[354, 375, 540, 571, 0]:4332
[59, 242, 517, 571, 0]:3192
[74, 92, 169, 571, 0]:2363
[22, 210, 256, 571, 0]:2501
[69, 202, 266, 571, 0]:2497
[58, 155, 524, 571, 0]:2388
[571, 73, 56, 14, 0]:2319
[571, 99, 64, 45, 0]:2324
[571, 172, 150, 12, 0]:2408
[571, 226, 66, 19, 0]:2280
[571, 274, 125, 11, 0]:2280
[571, 238, 128, 23, 0]:2297
[571, 286, 273, 235, 0]:2722
[571, 210, 135, 10, 0]:2340
[571, 229, 200, 146, 0]:2512
[571, 247, 242, 78, 0]:2517
[571, 209, 127, 116, 0]:2417
[571, 259, 222, 200, 0]:2619
[571, 279, 186, 133, 0]:2412
[571, 278, 149, 106, 0]:2361
[571, 275, 269, 196, 0]:2658
[571, 258, 231, 27, 0]:2019
[571, 338, 50, 19, 0]:2280
[571, 353, 192, 86, 0]:2310
[571, 314, 251, 214, 0]:2606
[571, 305, 259, 6, 0]:2493
[571, 368, 108, 94, 0]:2359
[571, 368, 223, 117, 0]:2386
[571, 307, 285, 10, 0]:2564
[571, 275, 182, 139, 0]:2420
[571, 382, 131, 33, 0]:2280
[571, 334, 285, 177, 0]:2592
[571, 380, 241, 147, 0]:2480
[571, 383, 180, 46, 0]:2280
[571, 377, 245, 76, 0]:2442
[571, 309, 298, 63, 0]:2604
[571, 422, 98, 13, 0]:2280
[571, 197, 178, 108, 0]:2456
[571, 399, 206, 58, 0]:2325
[571, 322, 217, 190, 0]:2526
[571, 337, 196, 96, 0]:2334
[571, 364, 213, 126, 0]:2384
[571, 215, 86, 61, 0]:2315
[571, 413, 236, 13, 0]:2416
[571, 406, 135, 90, 0]:2368
[571, 413, 308, 148, 0]:2598
[571, 435, 270, 81, 0]:2517
[571, 234, 194, 79, 0]:2433
[571, 401, 238, 221, 0]:2621
[571, 375, 367, 66, 0]:2849
[571, 322, 116, 62, 0]:2287
[571, 381, 198, 171, 0]:2444
[571, 407, 323, 70, 0]:2670
[571, 466, 161, 21, 0]:2335
[571, 455, 212, 198, 0]:2558
[571, 375, 161, 38, 0]:2280
[571, 253, 190, 105, 0]:2406
[571, 388, 310, 61, 0]:2638
[571, 457, 305, 74, 0]:2623
[571, 474, 310, 97, 0]:2358
[571, 392, 322, 227, 0]:2727
[571, 390, 330, 273, 0]:2823
[571, 477, 78, 37, 0]:2280
[571, 409, 380, 99, 0]:2821
[571, 468, 265, 136, 0]:2508
[571, 409, 294, 166, 0]:2644
[571, 465, 244, 162, 0]:2518
[571, 414, 367, 29, 0]:2787
[571, 472, 282, 143, 0]:2556
[571, 289, 241, 150, 0]:2482
[571, 281, 226, 83, 0]:2451
[571, 514, 57, 30, 0]:1823
[571, 438, 345, 271, 0]:2940
[571, 323, 130, 18, 0]:2280
[571, 280, 68, 5, 0]:2280
[571, 474, 323, 28, 0]:2678
[571, 490, 106, 34, 0]:2304
[571, 438, 382, 35, 0]:2874
[571, 436, 153, 111, 0]:2365
[571, 408, 313, 76, 0]:2646
[571, 424, 394, 309, 0]:3134
[571, 394, 275, 99, 0]:2532
[571, 486, 285, 208, 0]:2686
[571, 430, 423, 232, 0]:3079
[571, 456, 394, 146, 0]:2929
[571, 315, 158, 73, 0]:2280
[571, 363, 334, 9, 0]:2716
[571, 355, 82, 22, 0]:2280
[571, 181, 150, 11, 0]:2399
[571, 217, 46, 1, 0]:2280
[571, 457, 350, 192, 0]:2778
[571, 77, 32, 9, 0]:2280
[571, 292, 93, 25, 0]:2280
[571, 382, 291, 31, 0]:2611
[571, 330, 262, 36, 0]:2494
[571, 398, 330, 173, 0]:2487
[571, 381, 79, 72, 0]:2344
[571, 449, 350, 334, 0]:3050
[571, 442, 435, 213, 0]:3302
[571, 157, 147, 58, 0]:2417
[571, 98, 97, 18, 0]:2376
[571, 224, 75, 17, 0]:2280
[571, 165, 147, 124, 0]:2490
[571, 284, 113, 28, 0]:2280
[571, 275, 177, 14, 0]:2359
[571, 259, 207, 70, 0]:2435
[571, 281, 276, 124, 0]:2551
[571, 191, 99, 2, 0]:2287
[571, 200, 114, 70, 0]:2332
[571, 285, 182, 164, 0]:2485
[571, 263, 234, 118, 0]:2484
[571, 238, 231, 56, 0]:2504
[571, 318, 175, 38, 0]:2311
[571, 243, 175, 146, 0]:2473
[571, 351, 138, 6, 0]:2280
[571, 320, 113, 6, 0]:2280
[571, 336, 80, 65, 0]:2329
[571, 287, 131, 94, 0]:2336
[571, 290, 273, 16, 0]:2536
[571, 338, 129, 59, 0]:2280
[571, 311, 257, 124, 0]:2482
[571, 378, 148, 133, 0]:2397
[571, 385, 82, 15, 0]:2280
[571, 332, 265, 198, 0]:2305
[571, 353, 257, 138, 0]:2478
[571, 269, 262, 170, 0]:2604
[571, 400, 53, 11, 0]:2280
[571, 372, 229, 166, 0]:2474
[571, 309, 284, 274, 0]:2830
[571, 398, 195, 58, 0]:2301
[571, 372, 238, 151, 0]:2468
[571, 361, 158, 113, 0]:2347
[571, 330, 265, 262, 0]:2761
[571, 398, 250, 56, 0]:2457
[571, 416, 206, 66, 0]:2330
[571, 309, 243, 160, 0]:2466
[571, 416, 241, 21, 0]:2431
[571, 423, 261, 64, 0]:2490
[571, 304, 63, 30, 0]:2280
[571, 305, 201, 182, 0]:2519
[571, 324, 218, 46, 0]:2392
[571, 427, 153, 58, 0]:2288
[571, 375, 334, 55, 0]:2682
[571, 389, 291, 10, 0]:2590
[571, 425, 274, 33, 0]:2530
[571, 400, 112, 21, 0]:2280
[571, 350, 307, 222, 0]:2679
[571, 382, 292, 175, 0]:2704
[571, 391, 290, 32, 0]:2610
[571, 407, 188, 178, 0]:2470
[571, 415, 295, 142, 0]:2592
[571, 367, 292, 253, 0]:2785
[571, 270, 148, 21, 0]:2305
[571, 443, 182, 63, 0]:2333
[571, 285, 220, 215, 0]:2638
[571, 251, 232, 174, 0]:2588
[571, 453, 135, 96, 0]:2352
[571, 377, 320, 112, 0]:2636
[571, 451, 186, 136, 0]:2430
[571, 220, 146, 48, 0]:2351
[571, 431, 187, 98, 0]:2334
[571, 357, 356, 148, 0]:2911
[571, 388, 251, 29, 0]:2471
[571, 473, 173, 54, 0]:2354
[571, 412, 157, 123, 0]:2368
[571, 444, 209, 68, 0]:2361
[571, 472, 89, 56, 0]:2302
[571, 330, 209, 139, 0]:2418
[571, 498, 279, 51, 0]:2873
[571, 315, 190, 76, 0]:2344
[571, 469, 284, 47, 0]:2560
[571, 460, 138, 28, 0]:2306
[571, 471, 188, 34, 0]:2367
[571, 458, 291, 68, 0]:2580
[571, 304, 209, 207, 0]:2595
[571, 419, 337, 84, 0]:2699
[571, 424, 369, 65, 0]:2814
[571, 482, 99, 5, 0]:2293
[571, 418, 108, 37, 0]:2280
[571, 369, 353, 124, 0]:2850
[571, 362, 211, 149, 0]:2426
[571, 262, 41, 27, 0]:2292
[571, 461, 329, 138, 0]:2694
[571, 454, 330, 13, 0]:2699
[571, 219, 134, 79, 0]:2351
[571, 359, 217, 156, 0]:2439
[571, 446, 354, 107, 0]:2728
[571, 394, 195, 97, 0]:2297
[571, 485, 183, 62, 0]:2376
[571, 386, 382, 239, 0]:2952
[571, 412, 170, 5, 0]:2290
[571, 457, 186, 1, 0]:2579
[571, 140, 82, 60, 0]:2339
[571, 456, 403, 221, 0]:3002
[571, 400, 383, 21, 0]:2874
[571, 365, 345, 337, 0]:3086
[571, 484, 190, 177, 0]:2545
[571, 401, 273, 112, 0]:2526
[571, 430, 409, 189, 0]:3057
[571, 397, 232, 100, 0]:2403
[571, 386, 40, 6, 0]:2280
[571, 475, 286, 186, 0]:2650
[571, 493, 198, 23, 0]:2417
[571, 406, 361, 105, 0]:2747
[571, 341, 303, 106, 0]:2586
[571, 465, 124, 82, 0]:2336
[571, 234, 90, 64, 0]:2317
[571, 437, 329, 214, 0]:2725
[571, 335, 195, 22, 0]:2335
[571, 501, 283, 52, 0]:2584
[571, 343, 315, 298, 0]:2887
[571, 426, 284, 13, 0]:2553
[571, 296, 209, 157, 0]:2453
[571, 279, 98, 50, 0]:2281
[571, 398, 363, 310, 0]:2965
[571, 408, 285, 192, 0]:2672
[571, 506, 153, 34, 0]:2367
[571, 453, 311, 170, 0]:2641
[571, 390, 307, 87, 0]:2629
[571, 330, 208, 37, 0]:2366
[571, 506, 131, 61, 0]:2345
[571, 456, 257, 188, 0]:2596
[571, 400, 245, 35, 0]:2443
[571, 477, 408, 186, 0]:3183
[571, 488, 218, 157, 0]:2509
[571, 477, 400, 156, 0]:3107
[571, 332, 54, 47, 0]:2319
[571, 288, 125, 16, 0]:2280
[571, 432, 293, 163, 0]:2141
[571, 496, 289, 169, 0]:2622
[571, 217, 190, 70, 0]:2443
[571, 398, 309, 94, 0]:2630
[571, 502, 227, 153, 0]:2515
[571, 393, 368, 118, 0]:2865
[571, 428, 124, 65, 0]:2285
[571, 466, 351, 273, 0]:2864
[571, 303, 282, 241, 0]:2737
[571, 365, 146, 138, 0]:2409
[571, 449, 394, 228, 0]:3006
[571, 488, 316, 125, 0]:2655
[571, 475, 446, 245, 0]:3487
[571, 395, 237, 232, 0]:2647
[571, 421, 316, 210, 0]:2772
[571, 292, 201, 91, 0]:2193
[571, 451, 369, 341, 0]:3170
[571, 507, 336, 193, 0]:2793
[571, 325, 302, 170, 0]:2604
[571, 350, 309, 232, 0]:2711
[571, 313, 89, 78, 0]:2346
[571, 263, 113, 78, 0]:2322
[571, 507, 328, 117, 0]:2712
[571, 499, 299, 281, 0]:2840
[571, 449, 427, 350, 0]:3500
[571, 268, 95, 74, 0]:2332
[571, 455, 297, 206, 0]:2665
[571, 202, 113, 41, 0]:2303
[571, 209, 189, 92, 0]:2448
[571, 233, 216, 83, 0]:2479
[571, 411, 405, 234, 0]:3161
[571, 507, 114, 90, 0]:2394
[571, 442, 320, 143, 0]:2667
[571, 321, 303, 124, 0]:2600
[571, 270, 154, 81, 0]:2324
[571, 396, 282, 193, 0]:2700
[571, 484, 420, 1, 0]:3316
[571, 438, 434, 275, 0]:3414
[571, 416, 409, 360, 0]:3411
[571, 253, 152, 138, 0]:2439
[571, 423, 374, 65, 0]:2793
[571, 165, 152, 139, 0]:2212
[571, 257, 216, 8, 0]:2455
[571, 226, 59, 8, 0]:2280
[571, 193, 185, 41, 0]:2457
[571, 234, 130, 97, 0]:2368
[571, 156, 148, 34, 0]:2420
[571, 200, 123, 106, 0]:2396
[571, 250, 152, 2, 0]:2334
[571, 291, 198, 39, 0]:2385
[571, 270, 256, 4, 0]:2522
[571, 209, 174, 94, 0]:2418
[571, 203, 154, 140, 0]:2495
[571, 269, 251, 120, 0]:2512
[571, 283, 146, 102, 0]:2345
[571, 276, 253, 188, 0]:2458
[571, 184, 178, 115, 0]:2496
[571, 311, 198, 86, 0]:2364
[571, 328, 149, 26, 0]:2280
[571, 295, 240, 166, 0]:2500
[571, 361, 192, 59, 0]:2302
[571, 320, 139, 137, 0]:2414
[571, 174, 130, 1, 0]:2366
[571, 369, 189, 118, 0]:2334
[571, 316, 286, 97, 0]:2566
[571, 373, 182, 137, 0]:2371
[571, 310, 267, 213, 0]:2628
[571, 242, 108, 32, 0]:2280
[571, 344, 265, 255, 0]:2754
[571, 274, 111, 97, 0]:2362
[571, 159, 158, 44, 0]:2437
[571, 365, 230, 217, 0]:2611
[571, 378, 275, 259, 0]:2788
[571, 88, 68, 41, 0]:2327
[571, 404, 150, 145, 0]:2419
[571, 373, 320, 125, 0]:2614
[571, 406, 59, 38, 0]:2374
[571, 411, 257, 38, 0]:2479
[571, 354, 291, 130, 0]:2570
[571, 342, 221, 103, 0]:2379
[571, 342, 301, 216, 0]:2680
[571, 178, 151, 105, 0]:2434
[571, 312, 301, 263, 0]:2812
[571, 354, 325, 35, 0]:2688
[571, 256, 161, 63, 0]:2345
[571, 376, 334, 25, 0]:2731
[571, 344, 331, 62, 0]:2761
[571, 381, 374, 77, 0]:2845
[571, 69, 50, 35, 0]:2314
[571, 281, 138, 59, 0]:2280
[571, 273, 159, 88, 0]:2340
[571, 418, 235, 52, 0]:2260
[571, 185, 86, 78, 0]:2349
[571, 80, 68, 46, 0]:2346
[571, 430, 216, 187, 0]:2512
[571, 431, 278, 199, 0]:2615
[571, 490, 202, 81, 0]:2112
[571, 438, 286, 105, 0]:2565
[571, 320, 305, 30, 0]:2459
[571, 433, 108, 8, 0]:2280
[571, 426, 122, 32, 0]:2280
[571, 319, 93, 74, 0]:2334
[571, 474, 133, 46, 0]:2315
[571, 506, 65, 1, 0]:1839
[571, 324, 297, 181, 0]:2618
[571, 201, 199, 158, 0]:2590
[571, 466, 276, 77, 0]:2535
[571, 388, 276, 57, 0]:2536
[571, 478, 241, 61, 0]:2430
[571, 344, 10, 8, 0]:2285
[571, 454, 41, 18, 0]:2280
[571, 205, 27, 14, 0]:2280
[571, 386, 228, 167, 0]:2497
[571, 337, 202, 166, 0]:2445
[571, 465, 277, 216, 0]:2665
[571, 466, 243, 240, 0]:2669
[571, 456, 310, 247, 0]:2757
[571, 448, 354, 115, 0]:2734
[571, 411, 338, 263, 0]:2951
[571, 237, 134, 34, 0]:2310
[571, 493, 185, 44, 0]:2386
[571, 390, 37, 13, 0]:2280
[571, 388, 189, 14, 0]:2285
[571, 354, 197, 134, 0]:2389
[571, 230, 172, 33, 0]:2394
[571, 418, 87, 32, 0]:2280
[571, 358, 309, 29, 0]:2654
[571, 493, 272, 128, 0]:2523
[571, 421, 200, 198, 0]:2524
[571, 416, 201, 49, 0]:2325
[571, 87, 85, 38, 0]:2363
[571, 179, 133, 84, 0]:2366
[571, 440, 294, 107, 0]:2589
[571, 462, 315, 46, 0]:2654
[571, 497, 290, 31, 0]:2607
[571, 306, 296, 167, 0]:2612
[571, 276, 121, 56, 0]:2280
[571, 204, 55, 34, 0]:2292
[571, 386, 209, 168, 0]:2460
[571, 324, 169, 22, 0]:2293
[571, 151, 117, 42, 0]:2362
[571, 458, 373, 257, 0]:2899
[571, 268, 165, 99, 0]:2373
[571, 440, 377, 319, 0]:3124
[571, 344, 219, 106, 0]:2373
[571, 492, 130, 105, 0]:2409
[571, 405, 154, 96, 0]:2317
[571, 276, 201, 153, 0]:2461
[571, 480, 301, 153, 0]:2614
[571, 510, 310, 61, 0]:2388
[571, 450, 383, 311, 0]:3198
[571, 233, 224, 46, 0]:2495
[571, 445, 214, 172, 0]:2496
[571, 291, 46, 42, 0]:2317
[571, 475, 365, 264, 0]:2921
[571, 504, 150, 21, 0]:2362
[571, 424, 385, 103, 0]:2823
[571, 258, 254, 229, 0]:2728
[571, 495, 306, 168, 0]:2654
[571, 486, 310, 261, 0]:2408
[571, 474, 422, 157, 0]:3170
[571, 460, 443, 174, 0]:3257
[571, 499, 238, 219, 0]:2644
[571, 474, 163, 61, 0]:2345
[571, 493, 180, 53, 0]:2381
[571, 443, 421, 146, 0]:3182
[571, 425, 237, 130, 0]:2440
[571, 244, 241, 22, 0]:2518
[571, 345, 313, 108, 0]:2624
[571, 442, 254, 219, 0]:2899
[571, 209, 204, 184, 0]:2636
[571, 457, 168, 16, 0]:2333
[571, 401, 378, 184, 0]:2919
[571, 489, 51, 6, 0]:2280
[571, 514, 204, 29, 0]:2683
[571, 360, 254, 14, 0]:2484
[571, 496, 378, 165, 0]:3017
[571, 442, 131, 77, 0]:2303
[571, 338, 96, 34, 0]:2280
[571, 466, 415, 348, 0]:3514
[571, 380, 321, 203, 0]:2636
[571, 452, 409, 342, 0]:3502
[571, 239, 26, 6, 0]:2280
[571, 495, 353, 4, 0]:2822
[571, 496, 73, 15, 0]:2280
[571, 459, 342, 157, 0]:2733
[571, 375, 294, 162, 0]:2552
[571, 453, 225, 180, 0]:2520
[571, 390, 389, 209, 0]:2348
[571, 454, 395, 387, 0]:3641
[571, 410, 307, 203, 0]:2741
[571, 441, 141, 126, 0]:2400
[571, 378, 289, 129, 0]:2593
[571, 506, 335, 259, 0]:2840
[571, 134, 102, 1, 0]:2350
[571, 352, 203, 105, 0]:2339
[571, 441, 400, 319, 0]:3304
[571, 493, 380, 299, 0]:3090
[571, 514, 415, 15, 0]:4042
[571, 245, 228, 203, 0]:2650
[571, 432, 215, 121, 0]:2381
[571, 317, 265, 132, 0]:2511
[571, 264, 214, 47, 0]:2444
[571, 497, 229, 111, 0]:2434
[571, 245, 78, 68, 0]:2337
[571, 489, 426, 235, 0]:3478
[571, 398, 361, 315, 0]:2950
[571, 429, 365, 212, 0]:2758
[571, 480, 281, 43, 0]:2552
[571, 241, 99, 48, 0]:2280
[571, 485, 413, 46, 0]:3400
[571, 469, 260, 176, 0]:2538
[571, 490, 389, 269, 0]:3128
[571, 516, 38, 25, 0]:2563
[571, 466, 269, 185, 0]:2614
[571, 297, 211, 194, 0]:2563
[571, 522, 223, 47, 0]:2531
[571, 333, 309, 114, 0]:2620
[571, 362, 295, 237, 0]:2754
[571, 273, 210, 136, 0]:2426
[571, 498, 428, 1, 0]:3445
[571, 310, 219, 65, 0]:2407
[571, 367, 324, 254, 0]:2792
[571, 471, 165, 142, 0]:2462
[571, 486, 125, 4, 0]:2319
[571, 465, 455, 383, 0]:3904
[571, 517, 348, 50, 0]:2823
[571, 493, 447, 40, 0]:3632
[571, 404, 261, 131, 0]:2490
[571, 522, 249, 105, 0]:2530
[571, 518, 83, 67, 0]:2359
[571, 442, 159, 100, 0]:2349
[571, 328, 78, 55, 0]:2311
[571, 309, 196, 27, 0]:2363
[571, 491, 176, 85, 0]:2899
[571, 352, 246, 239, 0]:2681
[571, 517, 349, 246, 0]:2891
[571, 501, 342, 280, 0]:3031
[571, 503, 456, 250, 0]:3813
[571, 448, 198, 157, 0]:2469
[571, 502, 432, 39, 0]:3608
[571, 513, 322, 122, 0]:2693
[571, 517, 424, 195, 0]:3412
[571, 450, 229, 69, 0]:2394
[571, 357, 256, 230, 0]:2702
[571, 528, 290, 107, 0]:2643
[571, 279, 186, 175, 0]:2524
[571, 425, 322, 209, 0]:2723
[571, 306, 118, 21, 0]:2280
[571, 414, 132, 87, 0]:2321
[571, 518, 338, 273, 0]:2887
[571, 475, 256, 105, 0]:2475
[571, 508, 433, 133, 0]:3555
[571, 323, 257, 138, 0]:2486
[571, 510, 289, 70, 0]:2604
[571, 336, 293, 244, 0]:2771
[571, 484, 370, 349, 0]:3375
[571, 309, 296, 274, 0]:2824
[571, 485, 250, 5, 0]:2517
[571, 513, 374, 206, 0]:2934
[571, 523, 83, 42, 0]:2314
[571, 397, 142, 25, 0]:2280
[571, 362, 71, 21, 0]:2280
[571, 236, 205, 195, 0]:2627
[571, 490, 441, 387, 0]:4015
[571, 514, 170, 3, 0]:2445
[571, 528, 161, 122, 0]:2479
[571, 401, 392, 174, 0]:3035
[571, 397, 213, 48, 0]:2346
[571, 480, 385, 260, 0]:3084
[571, 314, 115, 2, 0]:2280
[571, 523, 381, 57, 0]:3175
[571, 312, 262, 49, 0]:2494
[571, 379, 186, 140, 0]:2373
[571, 445, 378, 215, 0]:2928
[571, 525, 140, 86, 0]:2404
[571, 525, 343, 234, 0]:2860
[571, 541, 451, 178, 0]:3750
[571, 513, 475, 40, 0]:4487
[571, 400, 330, 163, 0]:2631
[571, 530, 163, 39, 0]:3117
[571, 526, 352, 15, 0]:2935
[571, 503, 181, 164, 0]:2538
[571, 524, 419, 186, 0]:3381
[571, 501, 358, 342, 0]:3353
[571, 226, 203, 200, 0]:2652
[571, 500, 386, 57, 0]:3030
[571, 333, 85, 22, 0]:2280
[571, 492, 241, 58, 0]:2465
[571, 409, 249, 248, 0]:2771
[571, 333, 148, 90, 0]:2311
[571, 200, 164, 109, 0]:2424
[571, 498, 227, 215, 0]:2635
[571, 443, 383, 250, 0]:2824
[571, 310, 171, 26, 0]:2311
[571, 528, 234, 121, 0]:2529
[571, 320, 47, 10, 0]:2280
[571, 410, 270, 203, 0]:2632
[571, 469, 244, 183, 0]:2863
[571, 127, 50, 2, 0]:2280
[571, 401, 135, 10, 0]:2280
[571, 259, 220, 178, 0]:2556
[571, 520, 255, 30, 0]:2913
[571, 211, 30, 16, 0]:2281
[571, 439, 122, 60, 0]:2280
[571, 189, 172, 14, 0]:2435
[571, 407, 380, 277, 0]:2951
[571, 240, 171, 57, 0]:2393
[571, 431, 221, 108, 0]:2390
[571, 530, 252, 139, 0]:2549
[571, 465, 436, 19, 0]:3792
[571, 396, 153, 3, 0]:2280
[571, 367, 76, 34, 0]:2280
[571, 234, 166, 61, 0]:2377
[571, 526, 398, 263, 0]:3132
[571, 518, 395, 145, 0]:3207
[571, 383, 279, 253, 0]:2794
[571, 100, 64, 22, 0]:2307
[571, 495, 466, 14, 0]:3877
[571, 525, 281, 50, 0]:2653
[571, 527, 245, 76, 0]:2561
[571, 198, 92, 41, 0]:2280
[571, 129, 120, 111, 0]:2171
[571, 455, 143, 42, 0]:2306
[571, 449, 448, 161, 0]:3337
[571, 438, 418, 261, 0]:3282
[571, 392, 265, 233, 0]:2732
[571, 496, 453, 150, 0]:3350
[571, 397, 95, 42, 0]:2280
[571, 416, 260, 117, 0]:2487
[571, 339, 256, 38, 0]:2476
[571, 518, 275, 273, 0]:2800
[571, 526, 213, 197, 0]:2627
[571, 244, 84, 13, 0]:2280
[571, 161, 127, 6, 0]:2373
[571, 368, 174, 98, 0]:2301
[571, 537, 211, 98, 0]:2530
[571, 518, 439, 159, 0]:3904
[571, 538, 349, 130, 0]:2917
[571, 499, 201, 108, 0]:2422
[571, 492, 118, 115, 0]:2429
[571, 495, 478, 221, 0]:3880
[571, 323, 286, 54, 0]:2566
[571, 318, 237, 96, 0]:2435
[571, 479, 413, 208, 0]:3310
[571, 370, 262, 67, 0]:2494
[571, 443, 246, 71, 0]:2445
[571, 477, 208, 192, 0]:2568
[571, 518, 362, 355, 0]:3353
[571, 293, 52, 12, 0]:2280
[571, 349, 249, 178, 0]:2489
[571, 472, 141, 54, 0]:2321
[571, 526, 315, 70, 0]:3054
[571, 529, 288, 275, 0]:2706
[571, 540, 376, 133, 0]:3488
[571, 540, 346, 197, 0]:2927
[571, 463, 438, 393, 0]:3909
[571, 385, 348, 263, 0]:2854
[571, 524, 349, 98, 0]:2829
[571, 525, 392, 113, 0]:3263
[571, 524, 207, 169, 0]:2569
[571, 409, 340, 157, 0]:2695
[571, 507, 410, 104, 0]:3268
[571, 430, 215, 27, 0]:2186
[571, 535, 309, 241, 0]:2802
[571, 501, 22, 18, 0]:2293
[571, 495, 490, 330, 0]:4281
[571, 341, 135, 52, 0]:2280
[571, 287, 186, 34, 0]:2365
[571, 497, 471, 256, 0]:3765
[571, 520, 503, 297, 0]:4309
[571, 264, 220, 201, 0]:2617
[571, 306, 132, 123, 0]:2393
[571, 165, 56, 34, 0]:2291
[571, 392, 272, 253, 0]:2773
[571, 426, 363, 207, 0]:2752
[571, 493, 489, 123, 0]:4056
[571, 521, 347, 124, 0]:3138
[571, 501, 493, 158, 0]:4138
[571, 542, 232, 117, 0]:3016
[571, 453, 395, 92, 0]:2875
[571, 256, 90, 70, 0]:2329
[571, 344, 334, 177, 0]:2708
[571, 490, 321, 307, 0]:3221
[571, 447, 50, 44, 0]:2317
[571, 513, 493, 301, 0]:4694
[571, 544, 285, 133, 0]:2713
[571, 172, 10, 3, 0]:2280
[571, 373, 326, 291, 0]:2885
[571, 502, 311, 180, 0]:2688
[571, 334, 288, 14, 0]:2586
[571, 477, 468, 207, 0]:3679
[571, 455, 310, 30, 0]:2639
[571, 478, 244, 166, 0]:2526
[571, 461, 204, 7, 0]:2373
[571, 531, 438, 49, 0]:3876
[571, 546, 220, 49, 0]:3193
[571, 367, 351, 30, 0]:2802
[571, 491, 168, 22, 0]:2367
[571, 297, 217, 28, 0]:2417
[571, 374, 333, 236, 0]:2762
[571, 336, 183, 166, 0]:2445
[571, 271, 148, 114, 0]:2383
[571, 509, 468, 25, 0]:3755
[571, 213, 201, 28, 0]:2481
[571, 470, 279, 115, 0]:2544
[571, 524, 440, 301, 0]:3594
[571, 504, 466, 151, 0]:3810
[571, 526, 443, 8, 0]:4242
[571, 480, 389, 4, 0]:2190
[571, 366, 142, 29, 0]:2280
[571, 538, 328, 303, 0]:3074
[571, 253, 94, 79, 0]:2343
[571, 533, 365, 297, 0]:3662
[571, 312, 199, 45, 0]:2365
[571, 236, 94, 93, 0]:2371
[571, 478, 288, 166, 0]:2614
[571, 333, 322, 53, 0]:2734
[571, 406, 172, 97, 0]:2307
[571, 445, 375, 36, 0]:2827
[571, 491, 472, 78, 0]:3671
[571, 366, 233, 178, 0]:2484
[571, 258, 241, 118, 0]:2503
[571, 496, 213, 16, 0]:2464
[571, 493, 448, 445, 0]:4500
[571, 486, 467, 299, 0]:3750
[571, 546, 309, 54, 0]:2793
[571, 471, 77, 4, 0]:2280
[571, 512, 510, 217, 0]:4754
[571, 545, 247, 192, 0]:2640
[571, 297, 220, 186, 0]:2539
[571, 334, 199, 103, 0]:2349
[571, 217, 151, 100, 0]:2426
[571, 313, 81, 42, 0]:2282
[571, 190, 169, 79, 0]:2456
[571, 143, 72, 62, 0]:2346
[571, 355, 233, 228, 0]:2625
[571, 338, 313, 11, 0]:2699
[571, 221, 206, 84, 0]:2493
[571, 225, 97, 4, 0]:2334
[571, 389, 364, 182, 0]:1706
[571, 349, 165, 10, 0]:2290
[571, 362, 176, 147, 0]:2397
[571, 423, 80, 65, 0]:2329
[571, 446, 80, 15, 0]:2280
[571, 398, 204, 73, 0]:2319
[571, 376, 180, 17, 0]:2280
[571, 460, 135, 6, 0]:2303
[571, 351, 283, 62, 0]:2568
[571, 330, 313, 153, 0]:2625
[571, 438, 259, 53, 0]:2431
[571, 259, 97, 16, 0]:2337
[571, 310, 243, 115, 0]:2484
[571, 435, 241, 174, 0]:2536
[571, 215, 175, 54, 0]:2447
[571, 457, 284, 2, 0]:2566
[571, 426, 353, 88, 0]:2713
[571, 352, 107, 29, 0]:2280
[571, 240, 94, 87, 0]:2368
[571, 358, 242, 20, 0]:2462
[571, 254, 247, 147, 0]:2576
[571, 417, 337, 64, 0]:2695
[571, 408, 365, 160, 0]:2761
[571, 450, 348, 1, 0]:2809
[571, 422, 356, 223, 0]:2735
[571, 476, 325, 291, 0]:2881
[571, 288, 260, 113, 0]:2534
[571, 396, 346, 6, 0]:2752
[571, 359, 242, 21, 0]:2459
[571, 266, 158, 135, 0]:2435
[571, 478, 376, 325, 0]:3212
[571, 306, 293, 163, 0]:2605
[571, 346, 108, 58, 0]:2287
[571, 514, 220, 157, 0]:2535
[571, 256, 141, 112, 0]:2409
[571, 494, 239, 22, 0]:2473
[571, 478, 334, 241, 0]:2068
[571, 514, 239, 162, 0]:2545
[571, 431, 341, 70, 0]:2693
[571, 512, 62, 10, 0]:2282
[571, 520, 381, 204, 0]:3414
[571, 264, 263, 178, 0]:2681
[571, 458, 395, 151, 0]:2939
[571, 406, 179, 129, 0]:2371
[571, 550, 273, 189, 0]:2990
[571, 514, 204, 106, 0]:2431
[571, 520, 148, 57, 0]:2376
[571, 386, 308, 39, 0]:2628
[571, 485, 430, 341, 0]:3638
[571, 418, 309, 250, 0]:2756
[571, 300, 54, 21, 0]:2280
[571, 424, 369, 140, 0]:2761
[571, 224, 209, 46, 0]:2516
[571, 528, 230, 121, 0]:2590
[571, 495, 478, 419, 0]:3603
[571, 453, 329, 250, 0]:2768
[571, 457, 323, 50, 0]:2667
[571, 494, 343, 164, 0]:2773
[571, 198, 99, 46, 0]:2114
[571, 318, 173, 28, 0]:2212
[571, 402, 268, 23, 0]:2478
[571, 368, 356, 10, 0]:2805
[571, 262, 79, 21, 0]:2323
[571, 241, 228, 5, 0]:2559
[571, 338, 110, 97, 0]:2363
[571, 495, 399, 162, 0]:3197
[571, 456, 351, 205, 0]:2761
[571, 401, 309, 116, 0]:2619
[571, 351, 119, 14, 0]:2280
[571, 334, 106, 34, 0]:2280
[571, 508, 435, 133, 0]:3538
[571, 426, 399, 376, 0]:3454
[571, 510, 387, 322, 0]:3246
[571, 515, 361, 290, 0]:2993
[571, 420, 131, 22, 0]:2280
[571, 398, 183, 40, 0]:2289
[571, 533, 217, 36, 0]:2507
[571, 254, 241, 233, 0]:2729
[571, 530, 290, 273, 0]:2814
[571, 459, 434, 271, 0]:3307
[571, 406, 283, 24, 0]:2562
[571, 402, 262, 191, 0]:2566
[571, 361, 252, 154, 0]:2478
[571, 353, 314, 229, 0]:2722
[571, 349, 190, 103, 0]:2325
[571, 212, 92, 37, 0]:2326
[571, 390, 265, 122, 0]:2502
[571, 481, 465, 159, 0]:3621
[571, 233, 222, 73, 0]:2521
[571, 410, 234, 229, 0]:2627
[571, 191, 174, 83, 0]:2464
[571, 497, 492, 268, 0]:4132
[571, 475, 321, 224, 0]:2714
[571, 515, 238, 96, 0]:2475
[571, 506, 442, 251, 0]:3843
[571, 378, 301, 198, 0]:2609
[571, 403, 381, 68, 0]:2810
[571, 501, 448, 324, 0]:3811
[571, 454, 288, 95, 0]:2571
[571, 538, 185, 117, 0]:2479
[571, 316, 313, 118, 0]:2648
[571, 532, 202, 13, 0]:2498
[571, 211, 118, 108, 0]:2394
[571, 430, 259, 96, 0]:2484
[571, 537, 214, 149, 0]:2542
[571, 450, 222, 157, 0]:2471
[571, 461, 356, 151, 0]:2820
[571, 438, 323, 307, 0]:2943
[571, 518, 170, 151, 0]:2527
[571, 504, 477, 25, 0]:3962
[571, 388, 345, 178, 0]:2691
[571, 479, 318, 233, 0]:2725
[571, 422, 125, 66, 0]:2286
[571, 495, 118, 84, 0]:2361
[571, 302, 91, 6, 0]:2308
[571, 348, 225, 187, 0]:2492
[571, 186, 129, 7, 0]:2392
[571, 519, 229, 217, 0]:2660
[571, 458, 97, 72, 0]:2326
[571, 442, 439, 346, 0]:3498
[571, 517, 382, 225, 0]:3392
[571, 356, 102, 38, 0]:2280
[571, 443, 134, 31, 0]:2285
[571, 248, 208, 30, 0]:2502
[571, 465, 463, 68, 0]:3441
[571, 352, 62, 17, 0]:2280
[571, 446, 227, 189, 0]:2538
[571, 283, 82, 60, 0]:2344
[571, 498, 290, 146, 0]:2497
[571, 543, 286, 260, 0]:2796
[571, 553, 318, 301, 0]:3815
[571, 426, 121, 12, 0]:2280
[571, 426, 403, 229, 0]:3050
[571, 467, 421, 198, 0]:3238
[571, 333, 260, 218, 0]:2632
[571, 490, 468, 271, 0]:3759
[571, 492, 191, 38, 0]:2391
[571, 398, 327, 217, 0]:2683
[571, 561, 342, 79, 0]:4310
[571, 380, 101, 49, 0]:2280
[571, 470, 367, 72, 0]:2968
[571, 537, 516, 88, 0]:5719
[571, 514, 461, 47, 0]:3899
[571, 466, 273, 250, 0]:2729
[571, 260, 218, 7, 0]:2520
[571, 547, 452, 450, 0]:6009
[571, 370, 157, 76, 0]:2280
[571, 490, 415, 24, 0]:3389
[571, 444, 169, 93, 0]:2337
[571, 507, 164, 106, 0]:2426
[571, 102, 70, 19, 0]:2353
[571, 498, 230, 79, 0]:2438
[571, 553, 417, 100, 0]:4282
[571, 502, 205, 139, 0]:2487
[571, 300, 46, 21, 0]:2280
[571, 373, 57, 23, 0]:2280
[571, 494, 232, 21, 0]:2465
[571, 314, 309, 149, 0]:2641
[571, 178, 87, 2, 0]:2324
[571, 516, 246, 201, 0]:2625
[571, 512, 445, 81, 0]:3757
[571, 515, 286, 42, 0]:2609
[571, 504, 489, 138, 0]:4090
[571, 194, 100, 3, 0]:2368
[571, 376, 225, 33, 0]:2385
[571, 555, 272, 257, 0]:3443
[571, 541, 351, 309, 0]:3076
[81, 150, 507, 571, 0]:2376
[54, 119, 122, 571, 0]:2414
[89, 304, 491, 571, 0]:2619
[25, 38, 516, 571, 0]:2550
[53, 290, 469, 571, 0]:2577
[258, 270, 411, 571, 0]:2766
[1, 96, 377, 571, 0]:2280
[13, 319, 454, 571, 0]:2696
[335, 350, 555, 571, 0]:3462
[406, 491, 546, 571, 0]:7171
[34, 97, 205, 571, 0]:2324
[169, 346, 559, 571, 0]:3502
[6, 79, 183, 571, 0]:2315
[87, 300, 333, 571, 0]:2597
[88, 241, 315, 571, 0]:2486
[4, 309, 464, 571, 0]:2663
[330, 331, 568, 571, 0]:4774
[349, 353, 516, 571, 0]:3929
[466, 489, 516, 571, 0]:4950
[18, 30, 562, 571, 0]:2243
[387, 424, 534, 571, 0]:2077
[457, 480, 533, 571, 0]:5017
[209, 241, 531, 571, 0]:2656
[77, 103, 536, 571, 0]:2397
[91, 513, 550, 571, 0]:7510
[181, 210, 265, 571, 0]:2589
[81, 400, 424, 571, 0]:2969
[140, 408, 473, 571, 0]:3167
[146, 276, 383, 571, 0]:2539
[191, 326, 406, 571, 0]:2626
[100, 214, 231, 571, 0]:2504
[350, 355, 524, 571, 0]:3339
[157, 173, 512, 571, 0]:2533
[237, 253, 551, 571, 0]:2732
[279, 296, 521, 571, 0]:3198
[164, 168, 569, 571, 0]:2463
[141, 153, 544, 571, 0]:2533
[454, 463, 546, 571, 0]:6012
[340, 377, 519, 571, 0]:3340
[352, 357, 556, 571, 0]:3601
[6, 10, 548, 571, 0]:2281
[16, 119, 570, 571, 0]:3749
[181, 456, 466, 571, 0]:3353
[9, 478, 546, 571, 0]:4820
[202, 465, 466, 571, 0]:3452
[16, 322, 396, 571, 0]:2689
[122, 187, 312, 571, 0]:2403
[130, 134, 228, 571, 0]:2443
[197, 408, 437, 571, 0]:3009
[117, 382, 406, 571, 0]:3012
[91, 182, 567, 571, 0]:3077
[52, 79, 366, 571, 0]:2304
[71, 357, 419, 571, 0]:2719
[38, 121, 146, 571, 0]:2395
[261, 334, 397, 571, 0]:2819
[15, 390, 510, 571, 0]:3125
[33, 148, 532, 571, 0]:3085
[323, 398, 481, 571, 0]:3314
[50, 139, 342, 571, 0]:2280
[274, 419, 495, 571, 0]:2435
[26, 332, 336, 571, 0]:2751
[148, 311, 449, 571, 0]:2639
[17, 306, 560, 571, 0]:2778
[354, 375, 540, 571, 0]:4332
[59, 242, 517, 571, 0]:3192
[74, 92, 169, 571, 0]:2363
[22, 210, 256, 571, 0]:2501
[69, 202, 266, 571, 0]:2497
[58, 155, 524, 571, 0]:2388
