[21, 11, 4, 1, 0]:70
[21, 11, 7, 1, 0]:70
[21, 11, 4, 1, 0]:70
[21, 11, 7, 1, 0]:70
[23, 12, 5, 1, 0]:77
[21, 11, 4, 1, 0]:70
[21, 11, 7, 1, 0]:70
[23, 12, 5, 1, 0]:77
[21, 11, 4, 1, 0]:70
[21, 11, 7, 1, 0]:70
[23, 12, 5, 1, 0]:77
[21, 11, 4, 1, 0]:70
[21, 11, 7, 1, 0]:70
[23, 12, 5, 1, 0]:77
[25, 13, 10, 1, 0]:84
[25, 13, 12, 1, 0]:73
[21, 11, 4, 1, 0]:70
[21, 11, 7, 1, 0]:70
[23, 12, 5, 1, 0]:77
[25, 13, 10, 1, 0]:84
[25, 13, 12, 1, 0]:73
[21, 11, 4, 1, 0]:70
[21, 11, 7, 1, 0]:70
[23, 12, 5, 1, 0]:77
[25, 13, 10, 1, 0]:84
[25, 13, 12, 1, 0]:73
[21, 11, 4, 1, 0]:70
[21, 11, 7, 1, 0]:70
[23, 12, 5, 1, 0]:77
[25, 13, 10, 1, 0]:84
[25, 13, 12, 1, 0]:73
[21, 11, 4, 1, 0]:70
[21, 11, 7, 1, 0]:70
[23, 12, 5, 1, 0]:77
[25, 13, 10, 1, 0]:84
[25, 13, 12, 1, 0]:73
[21, 11, 4, 1, 0]:70
[21, 11, 7, 1, 0]:70
[23, 12, 5, 1, 0]:77
[25, 13, 10, 1, 0]:84
[25, 13, 12, 1, 0]:73
[21, 11, 4, 1, 0]:70
[21, 11, 7, 1, 0]:70
[23, 12, 5, 1, 0]:77
[25, 13, 10, 1, 0]:84
[25, 13, 12, 1, 0]:73
[21, 11, 4, 1, 0]:70
[21, 11, 7, 1, 0]:70
[163, 117, 71, 46, 0]:461
