[555, 532, 509, 23, 0]:1639
[789, 751, 713, 38, 0]:2326
[559, 542, 525, 17, 0]:1657
[795, 764, 733, 31, 0]:2351
[565, 543, 521, 22, 0]:1670
[801, 770, 739, 31, 0]:2369
[801, 785, 769, 16, 0]:2384
[804, 771, 738, 33, 0]:2376
[804, 785, 766, 19, 0]:2390
[809, 801, 793, 8, 0]:2416
[810, 783, 756, 27, 0]:2798
[894, 889, 884, 5, 0]:2674
[897, 862, 827, 35, 0]:2653
[565, 563, 561, 2, 0]:1690
[569, 561, 553, 8, 0]:1696
[571, 549, 527, 22, 0]:1688
[820, 789, 758, 31, 0]:2426
[955, 913, 871, 42, 0]:2820
[851, 821, 791, 30, 0]:2520
[977, 937, 897, 40, 0]:2888
[933, 904, 875, 29, 0]:2767
[820, 785, 750, 35, 0]:2422
[859, 825, 791, 34, 0]:2540
[900, 865, 830, 35, 0]:2662
[913, 893, 873, 20, 0]:2716
[818, 779, 740, 39, 0]:2412
[850, 819, 788, 31, 0]:2516
[935, 906, 877, 29, 0]:2773
[819, 784, 749, 35, 0]:2419
[985, 949, 913, 36, 0]:2916
[985, 957, 929, 28, 0]:2924
[877, 856, 835, 21, 0]:2607
[930, 899, 868, 31, 0]:3214
[991, 951, 911, 40, 0]:2930
[948, 935, 922, 13, 0]:2828
[961, 914, 867, 47, 0]:2833
[829, 824, 819, 5, 0]:2479
[811, 808, 805, 3, 0]:2427
