[555, 532, 509, 23, 0]:1639
[789, 751, 713, 38, 0]:2326
[559, 542, 525, 17, 0]:1657
[795, 764, 733, 31, 0]:2351
[565, 543, 521, 22, 0]:1670
[801, 770, 739, 31, 0]:2369
[801, 785, 769, 16, 0]:2384
[804, 771, 738, 33, 0]:2376
[804, 785, 766, 19, 0]:2390
[809, 801, 793, 8, 0]:2416
[810, 783, 756, 27, 0]:2798
[894, 889, 884, 5, 0]:2674
[897, 862, 827, 35, 0]:2653
[565, 563, 561, 2, 0]:1690
[569, 561, 553, 8, 0]:1696
[571, 549, 527, 22, 0]:1688
[572, 545, 518, 27, 0]:1686
[573, 563, 553, 10, 0]:1706
[811, 808, 805, 3, 0]:2427
[818, 779, 740, 39, 0]:2412
[819, 784, 749, 35, 0]:2419
[820, 785, 750, 35, 0]:2422
[820, 789, 758, 31, 0]:2426
[653, 652, 651, 1, 0]:2171
[897, 895, 893, 2, 0]:2686
[900, 865, 830, 35, 0]:2662
[906, 883, 860, 23, 0]:2692
[580, 579, 578, 1, 0]:2118
[582, 561, 540, 21, 0]:1722
[913, 893, 873, 20, 0]:2716
[596, 585, 574, 11, 0]:1774
[930, 899, 868, 31, 0]:3214
[933, 904, 875, 29, 0]:2767
[935, 906, 877, 29, 0]:2773
[604, 595, 586, 9, 0]:1800
[611, 589, 567, 22, 0]:1808
[663, 658, 653, 5, 0]:1981
[948, 935, 922, 13, 0]:2828
[611, 604, 597, 7, 0]:1823
[613, 599, 585, 14, 0]:1822
[949, 924, 899, 25, 0]:2819
[615, 587, 559, 28, 0]:1814
[617, 593, 569, 24, 0]:1824
[955, 913, 871, 42, 0]:2820
[630, 609, 588, 21, 0]:2174
[958, 929, 900, 29, 0]:2842
[961, 914, 867, 47, 0]:2833
[667, 661, 655, 6, 0]:1992
[670, 641, 612, 29, 0]:1978
[961, 926, 891, 35, 0]:2845
[684, 657, 630, 27, 0]:2022
[685, 656, 627, 29, 0]:2023
[964, 929, 894, 35, 0]:2854
[691, 669, 647, 22, 0]:2048
[692, 661, 630, 31, 0]:2042
[692, 675, 658, 17, 0]:2056
[703, 670, 637, 33, 0]:2073
[724, 705, 686, 19, 0]:2150
[730, 703, 676, 27, 0]:2160
[733, 720, 707, 13, 0]:2183
[755, 744, 733, 11, 0]:2251
[764, 739, 714, 25, 0]:2264
[764, 741, 718, 23, 0]:2266
[767, 742, 717, 25, 0]:2273
[821, 819, 817, 2, 0]:2458
[774, 757, 740, 17, 0]:2302
[780, 743, 706, 37, 0]:2300
[780, 759, 738, 21, 0]:2316
[971, 964, 957, 7, 0]:2903
[636, 633, 630, 3, 0]:2247
[642, 615, 588, 27, 0]:1896
[645, 616, 587, 29, 0]:1903
[823, 818, 813, 5, 0]:2461
[650, 647, 644, 3, 0]:1944
[653, 632, 611, 21, 0]:1935
[829, 824, 819, 5, 0]:2479
[836, 795, 754, 41, 0]:2464
[850, 819, 788, 31, 0]:2516
[851, 821, 791, 30, 0]:2520
[859, 825, 791, 34, 0]:2540
[555, 532, 509, 23, 0]:1639
[789, 751, 713, 38, 0]:2326
[559, 542, 525, 17, 0]:1657
[795, 764, 733, 31, 0]:2351
[565, 543, 521, 22, 0]:1670
[801, 770, 739, 31, 0]:2369
[801, 785, 769, 16, 0]:2384
[804, 771, 738, 33, 0]:2376
[804, 785, 766, 19, 0]:2390
[809, 801, 793, 8, 0]:2416
[810, 783, 756, 27, 0]:2798
[894, 889, 884, 5, 0]:2674
[897, 862, 827, 35, 0]:2653
[565, 563, 561, 2, 0]:1690
[569, 561, 553, 8, 0]:1696
[571, 549, 527, 22, 0]:1688
[820, 789, 758, 31, 0]:2426
[955, 913, 871, 42, 0]:2820
[851, 821, 791, 30, 0]:2520
[977, 937, 897, 40, 0]:2888
[933, 904, 875, 29, 0]:2767
[820, 785, 750, 35, 0]:2422
[859, 825, 791, 34, 0]:2540
[900, 865, 830, 35, 0]:2662
[913, 893, 873, 20, 0]:2716
[818, 779, 740, 39, 0]:2412
[850, 819, 788, 31, 0]:2516
[935, 906, 877, 29, 0]:2773
[819, 784, 749, 35, 0]:2419
[985, 949, 913, 36, 0]:2916
[985, 957, 929, 28, 0]:2924
[877, 856, 835, 21, 0]:2607
[930, 899, 868, 31, 0]:3214
[991, 951, 911, 40, 0]:2930
[948, 935, 922, 13, 0]:2828
[961, 914, 867, 47, 0]:2833
[829, 824, 819, 5, 0]:2479
[811, 808, 805, 3, 0]:2427

