[5, 3, 2, 1, 0]:11
[8, 5, 3, 2, 0]:22
[249, 161, 88, 73, 0]:745
[9, 5, 4, 1, 0]:25
[11, 6, 5, 1, 0]:31
[12, 7, 5, 2, 0]:34
[13, 8, 5, 3, 0]:37
[250, 151, 99, 52, 0]:748
[13, 7, 6, 1, 0]:37
[16, 9, 7, 2, 0]:46
[251, 156, 95, 61, 0]:751
[23, 15, 8, 7, 0]:67
[23, 14, 9, 5, 0]:67
[24, 15, 9, 6, 0]:70
[251, 148, 103, 45, 0]:751
[25, 14, 11, 3, 0]:73
[517, 300, 217, 83, 0]:1549
[25, 13, 12, 1, 0]:73
[27, 17, 10, 7, 0]:79
[29, 19, 10, 9, 0]:85
[251, 133, 118, 15, 0]:751
[29, 16, 13, 3, 0]:85
[30, 17, 13, 4, 0]:88
[253, 160, 93, 67, 0]:757
[36, 21, 15, 6, 0]:106
[37, 23, 14, 9, 0]:109
[40, 25, 15, 10, 0]:118
[253, 148, 105, 43, 0]:757
[40, 23, 17, 6, 0]:118
[40, 21, 19, 2, 0]:118
[519, 295, 224, 71, 0]:1555
[45, 28, 17, 11, 0]:133
[253, 138, 115, 23, 0]:757
[46, 29, 17, 12, 0]:136
[47, 31, 16, 15, 0]:139
[758, 397, 361, 36, 0]:2272
[254, 161, 93, 68, 0]:760
[47, 27, 20, 7, 0]:139
[47, 26, 21, 5, 0]:139
[48, 27, 21, 6, 0]:142
[254, 129, 125, 4, 0]:760
[51, 29, 22, 7, 0]:151
[51, 28, 23, 5, 0]:151
[52, 27, 25, 2, 0]:154
[256, 129, 127, 2, 0]:766
[53, 32, 21, 11, 0]:157
[55, 34, 21, 13, 0]:163
[257, 170, 87, 83, 0]:769
[59, 36, 23, 13, 0]:175
[59, 32, 27, 5, 0]:175
[523, 285, 238, 47, 0]:1567
[60, 37, 23, 14, 0]:178
[60, 35, 25, 10, 0]:178
[260, 137, 123, 14, 0]:778
[60, 31, 29, 2, 0]:178
[62, 37, 25, 12, 0]:184
[63, 35, 28, 7, 0]:187
[261, 164, 97, 67, 0]:781
[65, 37, 28, 9, 0]:193
[65, 33, 32, 1, 0]:193
[66, 43, 23, 20, 0]:196
[261, 131, 130, 1, 0]:781
[66, 35, 31, 4, 0]:196
[759, 431, 328, 103, 0]:2275
[528, 267, 261, 6, 0]:1582
[67, 37, 30, 7, 0]:199
[71, 43, 28, 15, 0]:211
[263, 155, 108, 47, 0]:787
[72, 45, 27, 18, 0]:214
[73, 42, 31, 11, 0]:217
[73, 38, 35, 3, 0]:217
[263, 135, 128, 7, 0]:787
[76, 49, 27, 22, 0]:226
[78, 49, 29, 20, 0]:232
[80, 45, 35, 10, 0]:238
[529, 346, 183, 163, 0]:1585
[265, 173, 92, 81, 0]:793
[81, 50, 31, 19, 0]:241
[83, 52, 31, 21, 0]:247
[83, 45, 38, 7, 0]:247
[265, 162, 103, 59, 0]:793
[85, 47, 38, 9, 0]:253
[85, 44, 41, 3, 0]:253
[86, 49, 37, 12, 0]:256
[268, 169, 99, 70, 0]:802
[89, 54, 35, 19, 0]:265
[90, 51, 39, 12, 0]:268
[93, 59, 34, 25, 0]:277
[94, 49, 45, 4, 0]:280
[95, 62, 33, 29, 0]:283
[268, 149, 119, 30, 0]:802
[96, 49, 47, 2, 0]:286
[97, 57, 40, 17, 0]:289
[530, 303, 227, 76, 0]:1588
[99, 61, 38, 23, 0]:295
[103, 63, 40, 23, 0]:307
[760, 385, 375, 10, 0]:2278
[270, 153, 117, 36, 0]:808
[103, 55, 48, 7, 0]:307
[107, 65, 42, 23, 0]:319
[107, 61, 46, 15, 0]:319
[108, 67, 41, 26, 0]:322
[271, 166, 105, 61, 0]:811
[108, 63, 45, 18, 0]:322
[108, 55, 53, 2, 0]:322
[109, 71, 38, 33, 0]:325
[109, 64, 45, 19, 0]:325
[531, 353, 178, 175, 0]:1591
[271, 151, 120, 31, 0]:811
[110, 69, 41, 28, 0]:328
[111, 70, 41, 29, 0]:331
[111, 59, 52, 7, 0]:331
[114, 67, 47, 20, 0]:340
[116, 73, 43, 30, 0]:346
[272, 153, 119, 34, 0]:814
[116, 71, 45, 26, 0]:346
[117, 76, 41, 35, 0]:349
[117, 68, 49, 19, 0]:349
[275, 169, 106, 63, 0]:823
[118, 73, 45, 28, 0]:352
[120, 75, 45, 30, 0]:358
[120, 69, 51, 18, 0]:358
[531, 313, 218, 95, 0]:1591
[276, 145, 131, 14, 0]:826
[120, 63, 57, 6, 0]:358
[761, 501, 260, 241, 0]:2281
[123, 77, 46, 31, 0]:367
[124, 69, 55, 14, 0]:370
[279, 146, 133, 13, 0]:835
[129, 77, 52, 25, 0]:385
[130, 67, 63, 4, 0]:388
[131, 69, 62, 7, 0]:391
[281, 186, 95, 91, 0]:841
[134, 89, 45, 44, 0]:400
[136, 85, 51, 34, 0]:406
[137, 78, 59, 19, 0]:409
[141, 91, 50, 41, 0]:421
[281, 141, 140, 1, 0]:841
[144, 81, 63, 18, 0]:430
[534, 269, 265, 4, 0]:1600
[145, 89, 56, 33, 0]:433
[145, 86, 59, 27, 0]:433
[283, 172, 111, 61, 0]:847
[145, 82, 63, 19, 0]:433
[145, 77, 68, 9, 0]:433
[283, 160, 123, 37, 0]:847
[146, 79, 67, 12, 0]:436
[762, 483, 279, 204, 0]:2284
[149, 80, 69, 11, 0]:445
[284, 169, 115, 54, 0]:850
[535, 339, 196, 143, 0]:1603
[151, 91, 60, 31, 0]:451
[152, 77, 75, 2, 0]:454
[285, 172, 113, 59, 0]:853
[153, 97, 56, 41, 0]:457
[155, 96, 59, 37, 0]:463
[155, 93, 62, 31, 0]:371
[285, 167, 118, 49, 0]:853
[155, 92, 63, 29, 0]:463
[535, 294, 241, 53, 0]:1603
[156, 91, 65, 26, 0]:466
[288, 147, 141, 6, 0]:862
[765, 508, 257, 251, 0]:2293
[156, 85, 71, 14, 0]:466
[156, 81, 75, 6, 0]:466
[290, 183, 107, 76, 0]:868
[158, 97, 61, 36, 0]:472
[159, 82, 77, 5, 0]:475
[163, 100, 63, 37, 0]:487
[291, 161, 130, 31, 0]:871
[163, 89, 74, 15, 0]:487
[536, 269, 267, 2, 0]:1606
[164, 99, 65, 34, 0]:490
[292, 167, 125, 42, 0]:874
[164, 97, 67, 30, 0]:490
[165, 92, 73, 19, 0]:493
[293, 168, 125, 43, 0]:877
[172, 101, 71, 30, 0]:514
[176, 89, 87, 2, 0]:526
[540, 335, 205, 130, 0]:1618
[299, 157, 142, 15, 0]:895
[180, 111, 69, 42, 0]:538
[765, 452, 313, 139, 0]:2293
[180, 105, 75, 30, 0]:538
[300, 185, 115, 70, 0]:898
[180, 93, 87, 6, 0]:538
[300, 175, 125, 50, 0]:898
[181, 99, 82, 17, 0]:541
[540, 333, 207, 126, 0]:1618
[188, 117, 71, 46, 0]:562
[300, 161, 139, 22, 0]:898
[189, 119, 70, 49, 0]:565
[305, 174, 131, 43, 0]:913
[190, 113, 77, 36, 0]:568
[190, 109, 81, 28, 0]:568
[540, 319, 221, 98, 0]:1618
[309, 167, 142, 25, 0]:925
[191, 126, 65, 61, 0]:571
[191, 106, 85, 21, 0]:571
[767, 503, 264, 239, 0]:2299
[194, 111, 83, 28, 0]:580
[309, 155, 154, 1, 0]:925
[200, 125, 75, 50, 0]:598
[200, 115, 85, 30, 0]:598
[540, 315, 225, 90, 0]:1618
[200, 105, 95, 10, 0]:598
[313, 158, 155, 3, 0]:937
[202, 107, 95, 12, 0]:604
[205, 128, 77, 51, 0]:613
[316, 209, 107, 102, 0]:946
[205, 127, 78, 49, 0]:613
[317, 208, 109, 99, 0]:949
[205, 124, 81, 43, 0]:613
[205, 119, 86, 33, 0]:613
[540, 299, 241, 58, 0]:1618
[317, 203, 114, 89, 0]:949
[767, 470, 297, 173, 0]:2299
[205, 107, 98, 9, 0]:613
[209, 106, 103, 3, 0]:625
[317, 163, 154, 9, 0]:949
[210, 119, 91, 28, 0]:628
[324, 201, 123, 78, 0]:970
[211, 133, 78, 55, 0]:631
[211, 124, 87, 37, 0]:631
[540, 279, 261, 18, 0]:1618
[324, 189, 135, 54, 0]:970
[213, 139, 74, 65, 0]:637
[213, 112, 101, 11, 0]:637
[324, 187, 137, 50, 0]:970
[215, 111, 104, 7, 0]:643
[324, 179, 145, 34, 0]:970
[216, 135, 81, 54, 0]:646
[768, 387, 381, 6, 0]:2302
[218, 139, 79, 60, 0]:652
[540, 275, 265, 10, 0]:1618
[219, 140, 79, 61, 0]:655
[325, 179, 146, 33, 0]:973
[220, 119, 101, 18, 0]:658
[223, 138, 85, 53, 0]:667
[326, 193, 133, 60, 0]:976
[225, 113, 112, 1, 0]:673
[226, 135, 91, 44, 0]:676
[326, 181, 145, 36, 0]:976
[540, 271, 269, 2, 0]:1618
[227, 148, 79, 69, 0]:679
[227, 137, 90, 47, 0]:679
[327, 206, 121, 85, 0]:979
[769, 509, 260, 249, 0]:2305
[228, 147, 81, 66, 0]:682
[229, 139, 90, 49, 0]:685
[328, 167, 161, 6, 0]:982
[541, 295, 246, 49, 0]:1621
[229, 124, 105, 19, 0]:685
[330, 207, 123, 84, 0]:988
[233, 154, 79, 75, 0]:697
[330, 187, 143, 44, 0]:988
[233, 138, 95, 43, 0]:697
[545, 353, 192, 161, 0]:1633
[235, 144, 91, 53, 0]:703
[332, 203, 129, 74, 0]:994
[235, 136, 99, 37, 0]:703
[235, 133, 102, 31, 0]:703
[335, 182, 153, 29, 0]:1003
[769, 465, 304, 161, 0]:2305
[236, 139, 97, 42, 0]:706
[337, 222, 115, 107, 0]:1009
[545, 349, 196, 153, 0]:1633
[237, 143, 94, 49, 0]:709
[239, 135, 104, 31, 0]:715
[240, 135, 105, 30, 0]:718
[337, 181, 156, 25, 0]:1009
[240, 121, 119, 2, 0]:718
[341, 223, 118, 105, 0]:1021
[243, 140, 103, 37, 0]:727
[342, 217, 125, 92, 0]:1024
[545, 273, 272, 1, 0]:1633
[243, 133, 110, 23, 0]:727
[244, 145, 99, 46, 0]:730
[342, 205, 137, 68, 0]:1024
[772, 451, 321, 130, 0]:2314
[244, 139, 105, 34, 0]:730
[342, 197, 145, 52, 0]:1024
[546, 343, 203, 140, 0]:1636
[342, 173, 169, 4, 0]:1024
[345, 206, 139, 67, 0]:1033
[547, 293, 254, 39, 0]:1639
[348, 219, 129, 90, 0]:1042
[348, 213, 135, 78, 0]:1042
[772, 417, 355, 62, 0]:2314
[349, 220, 129, 91, 0]:1045
[549, 355, 194, 161, 0]:1645
[354, 219, 135, 84, 0]:1060
[355, 229, 126, 103, 0]:1063
[551, 339, 212, 127, 0]:1651
[355, 181, 174, 7, 0]:1063
[775, 482, 293, 189, 0]:2323
[356, 199, 157, 42, 0]:1066
[551, 294, 257, 37, 0]:1651
[357, 203, 154, 49, 0]:1069
[357, 196, 161, 35, 0]:1069
[555, 316, 239, 77, 0]:1663
[482, 303, 179, 124, 0]:1444
[454, 281, 173, 108, 0]:1360
[449, 277, 172, 105, 0]:1345
[485, 267, 218, 49, 0]:1453
[503, 283, 220, 63, 0]:1507
[474, 291, 183, 108, 0]:1420
[494, 269, 225, 44, 0]:1480
[443, 260, 183, 77, 0]:1327
[505, 257, 248, 9, 0]:1513
[463, 259, 204, 55, 0]:1387
[418, 259, 159, 100, 0]:1252
[439, 266, 173, 93, 0]:1315
[506, 259, 247, 12, 0]:1516
[419, 264, 155, 109, 0]:1255
[468, 273, 195, 78, 0]:1402
[477, 268, 209, 59, 0]:1429
[389, 256, 133, 123, 0]:1165
[420, 259, 161, 98, 0]:1258
[407, 258, 149, 109, 0]:1219
[492, 291, 201, 90, 0]:1474
[402, 267, 135, 132, 0]:1204
[439, 291, 148, 143, 0]:1315
[391, 251, 140, 111, 0]:1171
[494, 321, 173, 148, 0]:1480
[715, 449, 266, 183, 0]:2143
[436, 285, 151, 134, 0]:1306
[462, 301, 161, 140, 0]:1384
