[30, 17, 13, 4, 0]:88
[82, 55, 28, 27, 0]:242
[93, 59, 34, 25, 0]:277
[42, 35, 28, 7, 0]:110
[69, 52, 35, 17, 0]:187
[117, 68, 49, 19, 0]:349
[109, 64, 45, 19, 0]:325
[130, 67, 63, 4, 0]:388
[101, 75, 49, 26, 0]:277
[159, 82, 77, 5, 0]:475
[53, 44, 35, 9, 0]:147
[181, 99, 82, 17, 0]:541
[43, 33, 23, 10, 0]:116
[83, 45, 38, 7, 0]:247
[71, 43, 28, 15, 0]:211
[194, 111, 83, 28, 0]:580
[229, 139, 90, 49, 0]:685
[118, 73, 45, 28, 0]:352
[109, 71, 38, 33, 0]:325
[240, 121, 119, 2, 0]:718
[251, 148, 103, 45, 0]:751
[60, 51, 42, 9, 0]:168
[131, 69, 62, 7, 0]:391
[72, 45, 27, 18, 0]:214
[205, 148, 91, 57, 0]:578
[83, 52, 31, 21, 0]:247
[265, 162, 103, 59, 0]:793
[213, 152, 91, 61, 0]:606
[326, 181, 145, 36, 0]:976
[337, 181, 156, 25, 0]:1009
[101, 80, 59, 21, 0]:279
[94, 77, 60, 17, 0]:262
[142, 117, 92, 25, 0]:398
[398, 209, 189, 20, 0]:1192
[363, 184, 179, 5, 0]:1087
[205, 128, 77, 51, 0]:613
[240, 135, 105, 30, 0]:718
[61, 51, 41, 10, 0]:170
[83, 65, 47, 18, 0]:228
[251, 133, 118, 15, 0]:751
[94, 49, 45, 4, 0]:280
[545, 273, 272, 1, 0]:1633
[172, 143, 114, 29, 0]:484
[492, 291, 201, 90, 0]:1474
[265, 173, 92, 81, 0]:793
[355, 261, 167, 94, 0]:989
[223, 182, 141, 41, 0]:625
[44, 39, 34, 5, 0]:124
[305, 241, 177, 64, 0]:848
[205, 127, 78, 49, 0]:613
[564, 351, 213, 138, 0]:1690
[528, 267, 261, 6, 0]:1582
[44, 31, 18, 13, 0]:124
[251, 156, 95, 61, 0]:751
[439, 307, 175, 132, 0]:1271
[585, 374, 211, 163, 0]:1753
[214, 161, 108, 53, 0]:586
[625, 381, 244, 137, 0]:1873
[516, 369, 222, 147, 0]:1470
[646, 341, 305, 36, 0]:1936
[223, 138, 85, 53, 0]:667
[653, 379, 274, 105, 0]:1957
[109, 92, 75, 17, 0]:307
[205, 124, 81, 43, 0]:613
[294, 245, 196, 49, 0]:782
[635, 376, 259, 117, 0]:1903
[72, 63, 54, 9, 0]:213
[709, 424, 285, 139, 0]:2125
[672, 343, 329, 14, 0]:2014
[172, 137, 102, 35, 0]:478
[44, 37, 30, 7, 0]:122
[810, 459, 351, 108, 0]:2428
[73, 42, 31, 11, 0]:217
[780, 455, 325, 130, 0]:2338
[45, 28, 17, 11, 0]:133
[110, 77, 44, 33, 0]:316
[205, 107, 98, 9, 0]:613
[363, 245, 127, 118, 0]:1077
[802, 491, 311, 180, 0]:2404
[557, 391, 225, 166, 0]:1609
[772, 451, 321, 130, 0]:2314
[756, 385, 371, 14, 0]:2266
[570, 423, 276, 147, 0]:1578
[73, 38, 35, 3, 0]:217
[788, 427, 361, 66, 0]:2362
[45, 32, 19, 13, 0]:126
[172, 101, 71, 30, 0]:514
[545, 353, 192, 161, 0]:1633
[831, 466, 365, 101, 0]:2491
[578, 427, 276, 151, 0]:1606
[864, 441, 423, 18, 0]:2590
[46, 29, 17, 12, 0]:136
[317, 260, 203, 57, 0]:891
[110, 69, 41, 28, 0]:328
[607, 422, 237, 185, 0]:1766
[439, 291, 148, 143, 0]:1315
[251, 169, 87, 82, 0]:745
[529, 346, 183, 163, 0]:1585
[346, 279, 212, 67, 0]:968
[689, 461, 233, 228, 0]:2059
[857, 521, 336, 185, 0]:2569
[120, 105, 90, 15, 0]:357
[900, 487, 413, 74, 0]:2698
[365, 232, 133, 99, 0]:1093
[120, 69, 51, 18, 0]:358
[626, 399, 227, 172, 0]:1876
[207, 158, 109, 49, 0]:569
[260, 217, 174, 43, 0]:734
[173, 135, 97, 38, 0]:478
[252, 175, 98, 77, 0]:732
[120, 63, 57, 6, 0]:358
[426, 351, 276, 75, 0]:1200
[673, 449, 225, 224, 0]:2015
[557, 360, 197, 163, 0]:1669
[635, 324, 311, 13, 0]:1903
[439, 266, 173, 93, 0]:1315
[845, 567, 289, 278, 0]:2521
[571, 353, 218, 135, 0]:1711
[209, 106, 103, 3, 0]:625
[530, 303, 227, 76, 0]:1588
[399, 322, 245, 77, 0]:1117
[120, 75, 45, 30, 0]:358
[895, 639, 383, 256, 0]:2555
[46, 41, 36, 5, 0]:130
[347, 252, 157, 95, 0]:976
[780, 403, 377, 26, 0]:2338
[492, 381, 270, 111, 0]:1362
[884, 619, 354, 265, 0]:2560
[911, 674, 437, 237, 0]:2530
[210, 119, 91, 28, 0]:628
[110, 93, 76, 17, 0]:310
[47, 38, 29, 9, 0]:129
[545, 378, 211, 167, 0]:1588
[689, 446, 243, 203, 0]:2065
[516, 391, 266, 125, 0]:1420
[47, 31, 16, 15, 0]:139
[865, 462, 403, 59, 0]:2593
[111, 59, 52, 7, 0]:331
[47, 26, 21, 5, 0]:139
[540, 435, 330, 105, 0]:1512
[274, 239, 204, 35, 0]:784
[47, 27, 20, 7, 0]:139
[241, 210, 179, 31, 0]:689
[121, 98, 75, 23, 0]:337
[143, 127, 111, 16, 0]:410
[111, 70, 41, 29, 0]:331
[531, 353, 178, 175, 0]:1591
[48, 33, 18, 15, 0]:138
[607, 438, 269, 169, 0]:1718
[557, 323, 234, 89, 0]:1669
[48, 27, 21, 6, 0]:142
[260, 215, 170, 45, 0]:732
[144, 81, 63, 18, 0]:430
[51, 29, 22, 7, 0]:151
[275, 169, 106, 63, 0]:823
[940, 707, 474, 233, 0]:2584
[51, 28, 23, 5, 0]:151
[252, 203, 154, 49, 0]:704
[241, 181, 121, 60, 0]:660
[457, 390, 323, 67, 0]:1301
[516, 303, 213, 90, 0]:1546
[564, 457, 350, 107, 0]:1582
[546, 343, 203, 140, 0]:1636
[113, 93, 73, 20, 0]:316
[571, 389, 207, 182, 0]:1685
[144, 99, 54, 45, 0]:420
[674, 459, 244, 215, 0]:1990
[52, 43, 34, 9, 0]:144
[151, 135, 119, 16, 0]:434
[585, 473, 361, 112, 0]:1640
[475, 404, 333, 71, 0]:1351
[52, 27, 25, 2, 0]:154
[253, 160, 93, 67, 0]:757
[114, 67, 47, 20, 0]:340
[689, 381, 308, 73, 0]:2065
[756, 595, 434, 161, 0]:2104
[145, 86, 59, 27, 0]:433
[53, 32, 21, 11, 0]:157
[557, 312, 245, 67, 0]:1669
[122, 103, 84, 19, 0]:344
[626, 479, 332, 147, 0]:1728
[145, 97, 49, 48, 0]:431
[151, 106, 61, 45, 0]:434
[845, 564, 283, 281, 0]:2530
[745, 598, 451, 147, 0]:2085
[122, 91, 60, 31, 0]:334
[145, 82, 63, 19, 0]:433
[439, 355, 271, 84, 0]:1230
[152, 77, 75, 2, 0]:454
[547, 293, 254, 39, 0]:1639
[711, 590, 469, 121, 0]:2009
[253, 184, 115, 69, 0]:710
[636, 485, 334, 151, 0]:1754
[475, 241, 234, 7, 0]:1423
[260, 211, 162, 49, 0]:728
[243, 200, 157, 43, 0]:683
[457, 317, 177, 140, 0]:1331
[408, 357, 306, 51, 0]:1221
[586, 391, 196, 195, 0]:1754
[123, 85, 47, 38, 0]:357
[94, 85, 76, 9, 0]:270
[675, 361, 314, 47, 0]:2023
[940, 585, 355, 230, 0]:2818
[689, 386, 303, 83, 0]:2065
[865, 602, 339, 263, 0]:2516
[243, 133, 110, 23, 0]:727
[558, 349, 209, 140, 0]:1672
[123, 77, 46, 31, 0]:367
[61, 56, 51, 5, 0]:175
[780, 603, 426, 177, 0]:2160
[922, 751, 580, 171, 0]:2592
[440, 253, 187, 66, 0]:1318
[932, 757, 582, 175, 0]:2618
[95, 74, 53, 21, 0]:261
[243, 140, 103, 37, 0]:727
[408, 255, 153, 102, 0]:1222
[114, 99, 84, 15, 0]:324
[74, 67, 60, 7, 0]:212
[75, 53, 31, 22, 0]:213
[756, 525, 294, 231, 0]:2202
[260, 209, 158, 51, 0]:726
[440, 231, 209, 22, 0]:1318
[115, 88, 61, 27, 0]:315
[253, 207, 161, 46, 0]:710
[243, 172, 101, 71, 0]:696
[380, 337, 294, 43, 0]:1094
[689, 350, 339, 11, 0]:2065
[516, 429, 342, 87, 0]:1458
[579, 485, 391, 94, 0]:1640
[475, 372, 269, 103, 0]:1319
[347, 300, 253, 47, 0]:991
[260, 137, 123, 14, 0]:778
[327, 290, 253, 37, 0]:941
[253, 148, 105, 43, 0]:757
[409, 294, 179, 115, 0]:1160
[225, 202, 179, 23, 0]:649
[244, 169, 94, 75, 0]:710
[225, 113, 112, 1, 0]:673
[923, 484, 439, 45, 0]:2767
[253, 138, 115, 23, 0]:757
[327, 206, 121, 85, 0]:979
[932, 597, 335, 262, 0]:2794
[517, 316, 201, 115, 0]:1549
[84, 77, 70, 7, 0]:262
[475, 272, 203, 69, 0]:1423
[226, 135, 91, 44, 0]:676
[690, 403, 287, 116, 0]:2068
[869, 631, 393, 238, 0]:2449
[260, 201, 142, 59, 0]:718
[884, 721, 558, 163, 0]:2486
[145, 129, 113, 16, 0]:416
[627, 508, 389, 119, 0]:1759
[244, 195, 146, 49, 0]:680
[441, 343, 245, 98, 0]:1222
[328, 167, 161, 6, 0]:982
[348, 273, 198, 75, 0]:966
[586, 479, 372, 107, 0]:1648
[579, 416, 253, 163, 0]:1644
[123, 109, 95, 14, 0]:352
[227, 153, 79, 74, 0]:673
[244, 139, 105, 34, 0]:730
[85, 72, 59, 13, 0]:239
[477, 316, 161, 155, 0]:1429
[124, 69, 55, 14, 0]:370
[971, 824, 677, 147, 0]:2763
[441, 245, 196, 49, 0]:1321
[85, 67, 49, 18, 0]:234
[941, 720, 499, 221, 0]:2599
[923, 605, 318, 287, 0]:2767
[85, 44, 41, 3, 0]:253
[933, 520, 413, 107, 0]:2797
[586, 355, 231, 124, 0]:1756
[409, 337, 265, 72, 0]:1152
[85, 47, 38, 9, 0]:253
[869, 480, 389, 91, 0]:2605
