[283, 57, 33, 28, 0]:1155
[283, 138, 58, 1, 0]:1128
[283, 136, 105, 36, 0]:1202
[283, 109, 89, 68, 0]:1222
[283, 161, 93, 88, 0]:1229
[283, 141, 56, 37, 0]:1145
[283, 203, 130, 77, 0]:1257
[283, 214, 133, 112, 0]:1311
[283, 172, 62, 44, 0]:1153
[283, 235, 162, 80, 0]:1329
[283, 195, 107, 70, 0]:1040
[283, 175, 170, 38, 0]:1390
[283, 231, 209, 154, 0]:1719
[283, 241, 179, 155, 0]:1506
[283, 238, 190, 177, 0]:1864
[283, 169, 54, 29, 0]:1131
[283, 167, 89, 58, 0]:1158
[283, 165, 139, 102, 0]:1306
[283, 105, 97, 86, 0]:1282
[283, 238, 182, 90, 0]:1356
[283, 253, 107, 96, 0]:1288
[283, 166, 147, 143, 0]:1414
[283, 202, 119, 83, 0]:1137
[283, 227, 116, 45, 0]:1191
[283, 175, 129, 20, 0]:1231
[283, 221, 72, 23, 0]:1137
[283, 90, 33, 12, 0]:1128
[283, 101, 58, 51, 0]:1178
[283, 138, 68, 25, 0]:1128
[283, 146, 135, 43, 0]:1252
[283, 264, 80, 41, 0]:1189
[283, 183, 149, 76, 0]:1286
[283, 265, 170, 36, 0]:1359
[283, 234, 119, 4, 0]:1152
[283, 179, 64, 57, 0]:1177
[283, 101, 81, 7, 0]:1189
[283, 172, 82, 25, 0]:1128
[283, 181, 156, 28, 0]:1313
[283, 262, 153, 96, 0]:1355
[283, 225, 186, 54, 0]:1401
[283, 230, 151, 117, 0]:1344
[283, 246, 105, 1, 0]:1264
[283, 156, 142, 5, 0]:1275
[283, 186, 123, 91, 0]:1281
[283, 184, 38, 15, 0]:1128
[283, 178, 170, 131, 0]:1428
[283, 134, 84, 26, 0]:1161
[283, 263, 122, 94, 0]:1294
[283, 241, 201, 129, 0]:1626
[283, 231, 184, 130, 0]:1454
[283, 217, 63, 10, 0]:1128
[283, 92, 69, 44, 0]:1173
[283, 241, 195, 133, 0]:1570
[283, 222, 169, 104, 0]:1424
[283, 85, 83, 32, 0]:1209
[283, 80, 74, 9, 0]:1196
[283, 250, 226, 43, 0]:1888
[283, 202, 133, 132, 0]:1371
[283, 249, 241, 196, 0]:2186
[283, 201, 154, 129, 0]:1229
[283, 216, 194, 145, 0]:1503
[283, 252, 248, 113, 0]:2435
[283, 230, 26, 18, 0]:1277
[283, 258, 199, 196, 0]:1945
[283, 184, 165, 120, 0]:1374
[283, 177, 117, 16, 0]:1195
[283, 252, 169, 47, 0]:1375
[283, 214, 125, 123, 0]:1336
[283, 256, 177, 170, 0]:1581
[283, 221, 217, 150, 0]:1721
[283, 236, 225, 224, 0]:2240
[283, 136, 61, 42, 0]:1150
[283, 251, 200, 198, 0]:1876
[283, 149, 61, 18, 0]:1128
[283, 222, 125, 118, 0]:1320
[283, 269, 200, 42, 0]:1900
[283, 248, 151, 141, 0]:1408
[283, 165, 103, 71, 0]:1198
[283, 167, 78, 26, 0]:1153
[283, 272, 233, 159, 0]:2673
[283, 252, 245, 214, 0]:1221
[283, 208, 154, 127, 0]:1358
[283, 177, 151, 141, 0]:1416
[283, 141, 115, 60, 0]:1216
[283, 237, 134, 29, 0]:1245
[283, 146, 96, 29, 0]:1173
[283, 180, 50, 49, 0]:1175
[283, 247, 214, 120, 0]:1759
[283, 206, 156, 95, 0]:1332
[283, 218, 217, 149, 0]:1668
[283, 181, 82, 13, 0]:1128
[283, 244, 159, 121, 0]:1367
[283, 253, 218, 123, 0]:1618
[283, 261, 127, 56, 0]:1270
[283, 176, 69, 11, 0]:1021
[283, 182, 158, 3, 0]:1305
[283, 252, 200, 193, 0]:1944
[283, 242, 200, 157, 0]:1774
[283, 121, 100, 69, 0]:1222
[283, 234, 59, 56, 0]:1189
[283, 273, 178, 66, 0]:1764
[283, 231, 202, 135, 0]:1580
[283, 164, 154, 99, 0]:1328
[283, 279, 86, 14, 0]:1661
[283, 271, 77, 36, 0]:1296
[283, 198, 127, 74, 0]:1245
[283, 280, 69, 41, 0]:1774
[283, 94, 63, 6, 0]:1160
[283, 214, 150, 29, 0]:1266
[283, 171, 153, 150, 0]:1439
[283, 219, 115, 114, 0]:1299
[283, 208, 186, 131, 0]:1423
[283, 166, 50, 41, 0]:1159
[283, 269, 166, 14, 0]:1244
[283, 236, 147, 38, 0]:1284
[283, 267, 205, 153, 0]:2118
[283, 246, 99, 40, 0]:1189
[283, 253, 171, 162, 0]:1519
[283, 192, 167, 34, 0]:1343
[283, 225, 197, 193, 0]:1819
[283, 234, 205, 74, 0]:1586
[283, 251, 183, 58, 0]:1453
[283, 206, 179, 30, 0]:1355
[283, 274, 105, 80, 0]:1737
[283, 199, 165, 108, 0]:1333
[283, 265, 150, 145, 0]:1428
[283, 225, 88, 6, 0]:1157
[283, 94, 90, 85, 0]:1288
[283, 245, 117, 106, 0]:1311
[283, 250, 199, 103, 0]:1666
[283, 165, 133, 2, 0]:1245
[283, 265, 144, 65, 0]:1570
[283, 247, 240, 214, 0]:2194
[283, 122, 75, 47, 0]:1040
[283, 118, 88, 30, 0]:1077
[283, 75, 58, 17, 0]:986
[283, 177, 142, 35, 0]:1058
[283, 103, 90, 13, 0]:960
[283, 18, 10, 8, 0]:871
[283, 228, 183, 45, 0]:1321
[283, 148, 79, 69, 0]:1091
[283, 150, 77, 73, 0]:1089
[283, 250, 133, 117, 0]:1192
[283, 187, 181, 6, 0]:1128
[283, 104, 99, 5, 0]:957
[283, 40, 34, 6, 0]:895
[283, 58, 49, 9, 0]:919
[283, 262, 203, 59, 0]:1505
[283, 188, 101, 87, 0]:1195
[283, 142, 77, 65, 0]:1062
[283, 167, 102, 65, 0]:1176
[283, 273, 178, 95, 0]:1807
[283, 190, 99, 91, 0]:1205
[283, 161, 83, 78, 0]:1128
[283, 180, 115, 65, 0]:1131
[283, 277, 142, 135, 0]:1384
[283, 277, 196, 81, 0]:1836
[283, 270, 203, 67, 0]:1684
[283, 274, 231, 43, 0]:1975
[283, 228, 206, 22, 0]:1355
[283, 130, 129, 1, 0]:975
[283, 99, 97, 2, 0]:946
[283, 210, 207, 3, 0]:1227
[283, 153, 107, 46, 0]:1088
[283, 94, 91, 3, 0]:943
[283, 193, 175, 18, 0]:1170
[283, 265, 259, 6, 0]:1667
[283, 273, 172, 101, 0]:1570
[283, 269, 257, 12, 0]:2916
[283, 60, 59, 1, 0]:905
[283, 208, 139, 69, 0]:1128
[283, 158, 111, 47, 0]:1111
[283, 42, 29, 13, 0]:929
[283, 261, 165, 96, 0]:1221
[283, 228, 143, 85, 0]:1133
[283, 168, 158, 10, 0]:1067
[283, 118, 93, 25, 0]:1025
[283, 152, 107, 45, 0]:1089
[283, 194, 129, 65, 0]:1128
[283, 272, 159, 113, 0]:1233
[283, 43, 22, 21, 0]:908
[283, 210, 143, 67, 0]:1126
[283, 139, 129, 10, 0]:1002
[283, 190, 169, 21, 0]:1144
[283, 238, 148, 90, 0]:1027
[283, 172, 155, 17, 0]:1077
[283, 172, 151, 21, 0]:1077
[283, 252, 153, 99, 0]:1173
[283, 214, 168, 46, 0]:1186
[283, 200, 161, 39, 0]:967
[283, 222, 163, 59, 0]:1174
[283, 130, 95, 35, 0]:1091
[283, 194, 159, 35, 0]:969
[283, 208, 178, 30, 0]:1229
