[164, 151, 138, 13, 0]:476
[211, 196, 181, 15, 0]:615
[590, 541, 492, 49, 0]:1718
[233, 217, 201, 16, 0]:680
[481, 445, 409, 36, 0]:1404
[483, 448, 413, 35, 0]:1411
[521, 481, 441, 40, 0]:1520
[972, 901, 830, 71, 0]:2842
[356, 335, 314, 21, 0]:1044
[373, 343, 313, 30, 0]:1086
[422, 397, 372, 25, 0]:1238
[948, 887, 826, 61, 0]:2780
[387, 365, 343, 22, 0]:1136
[900, 837, 774, 63, 0]:2634
[617, 578, 539, 39, 0]:1809
[356, 331, 306, 25, 0]:1040
[668, 627, 586, 41, 0]:1960
[131, 124, 117, 7, 0]:383
[179, 165, 151, 14, 0]:520
[465, 433, 401, 32, 0]:1360
[717, 680, 643, 37, 0]:2111
[572, 545, 518, 27, 0]:1686
[660, 627, 594, 33, 0]:2269
