[13, 10, 9, 8, 0]:50
[13, 11, 8, 7, 0]:52
[13, 10, 9, 8, 0]:50
[13, 11, 8, 7, 0]:52
[163, 7, 6, 3, 0]:571
[163, 82, 6, 1, 0]:567
[283, 12, 7, 5, 0]:862
[283, 142, 70, 1, 0]:987
[571, 10, 5, 2, 0]:2003
[571, 286, 21, 1, 0]:1995
[571, 286, 219, 1, 0]:1995
[163, 7, 6, 3, 0]:571
[163, 82, 6, 1, 0]:567
[163, 136, 7, 3, 2, 1, 0]:924
[163, 148, 7, 3, 2, 1, 0]:858
[163, 110, 7, 4, 2, 1, 0]:863
[163, 59, 7, 6, 2, 1, 0]:822
[163, 119, 7, 6, 2, 1, 0]:820
[163, 161, 7, 6, 2, 1, 0]:965
[163, 114, 7, 5, 2, 1, 0]:831
[163, 24, 8, 7, 2, 1, 0]:824
[163, 75, 8, 7, 2, 1, 0]:824
[163, 97, 8, 7, 2, 1, 0]:821
[163, 100, 8, 7, 2, 1, 0]:821
[163, 133, 8, 7, 2, 1, 0]:846
[163, 19, 9, 7, 2, 1, 0]:857
[163, 115, 9, 7, 2, 1, 0]:847
[163, 134, 9, 7, 2, 1, 0]:890
[163, 75, 10, 7, 2, 1, 0]:911
[163, 34, 11, 7, 2, 1, 0]:916
[163, 137, 12, 7, 2, 1, 0]:952
[163, 143, 12, 7, 2, 1, 0]:925
[163, 109, 14, 7, 2, 1, 0]:878
[163, 133, 14, 7, 2, 1, 0]:905
[163, 15, 14, 7, 2, 1, 0]:820
[163, 53, 15, 7, 2, 1, 0]:921
[163, 85, 15, 7, 2, 1, 0]:830
[163, 110, 15, 7, 2, 1, 0]:914
[163, 146, 15, 7, 2, 1, 0]:977
[163, 23, 16, 7, 2, 1, 0]:848
[163, 38, 16, 7, 2, 1, 0]:920
[163, 68, 16, 7, 2, 1, 0]:920
[163, 78, 16, 7, 2, 1, 0]:919
[163, 80, 16, 7, 2, 1, 0]:917
[163, 141, 16, 7, 2, 1, 0]:995
[283, 12, 7, 5, 0]:862
[283, 142, 70, 1, 0]:987
[571, 10, 5, 2, 0]:2003
[571, 286, 21, 1, 0]:1995
[571, 286, 219, 1, 0]:1995
[21, 11, 4, 1, 0]:70
[21, 11, 7, 1, 0]:70
[21, 11, 4, 1, 0]:70
[21, 11, 7, 1, 0]:70
[163, 82, 6, 1, 0]:567
