[163, 71, 50, 12, 0]:677
[163, 121, 36, 18, 0]:581
[163, 105, 91, 8, 0]:762
[163, 134, 105, 37, 0]:619
[163, 111, 22, 13, 0]:651
[163, 109, 103, 57, 0]:790
[163, 123, 26, 17, 0]:681
[163, 134, 123, 83, 0]:832
[163, 114, 77, 10, 0]:717
[163, 57, 46, 12, 0]:683
[163, 124, 123, 34, 0]:926
[163, 146, 125, 39, 0]:1038
[163, 140, 115, 65, 0]:971
[163, 140, 121, 50, 0]:1062
[163, 82, 75, 49, 0]:730
[163, 151, 42, 23, 0]:854
[163, 118, 99, 10, 0]:785
[163, 153, 57, 24, 0]:904
[163, 98, 57, 52, 0]:704
[163, 50, 45, 13, 0]:688
[163, 135, 34, 15, 0]:653
[163, 154, 75, 37, 0]:878
[163, 86, 61, 17, 0]:684
[163, 80, 59, 42, 0]:708
[163, 157, 108, 11, 0]:1267
[163, 66, 48, 40, 0]:700
[163, 145, 70, 9, 0]:714
[163, 155, 41, 16, 0]:671
[163, 111, 4, 1, 0]:652
[163, 150, 132, 51, 0]:1211
[163, 135, 82, 54, 0]:567
[163, 139, 108, 53, 0]:729
[163, 162, 49, 14, 0]:1085
[163, 103, 93, 52, 0]:752
[163, 73, 72, 28, 0]:719
[163, 76, 26, 24, 0]:671
[163, 125, 112, 24, 0]:825
[163, 121, 110, 24, 0]:806
[163, 143, 94, 29, 0]:842
[163, 81, 50, 29, 0]:673
[163, 143, 128, 61, 0]:1048
[163, 153, 58, 5, 0]:914
[163, 86, 28, 11, 0]:648
[163, 76, 54, 44, 0]:711
[163, 148, 90, 59, 0]:908
[163, 74, 17, 3, 0]:648
[163, 154, 125, 86, 0]:1133
[163, 118, 111, 22, 0]:810
[163, 156, 135, 121, 0]:991
[163, 58, 39, 35, 0]:693
[163, 95, 94, 75, 0]:818
[163, 144, 59, 5, 0]:703
[163, 112, 103, 49, 0]:805
[163, 137, 91, 38, 0]:749
[163, 114, 100, 2, 0]:719
[163, 118, 99, 58, 0]:761
[163, 104, 70, 11, 0]:580
[163, 106, 54, 34, 0]:662
[163, 98, 74, 10, 0]:706
[163, 71, 68, 49, 0]:738
[163, 96, 63, 49, 0]:697
[163, 116, 95, 85, 0]:815
[163, 66, 20, 1, 0]:648
[163, 86, 28, 18, 0]:655
[163, 127, 99, 22, 0]:774
[163, 105, 103, 96, 0]:874
[163, 83, 70, 53, 0]:726
[163, 124, 113, 8, 0]:843
[163, 112, 53, 48, 0]:691
[163, 86, 50, 21, 0]:661
[163, 141, 128, 107, 0]:1121
[163, 81, 24, 13, 0]:649
[163, 108, 89, 38, 0]:761
[163, 133, 54, 16, 0]:671
[163, 157, 90, 36, 0]:951
[163, 127, 122, 26, 0]:1019
[163, 150, 141, 117, 0]:1592
[163, 138, 49, 21, 0]:671
[163, 125, 73, 36, 0]:702
[163, 155, 84, 14, 0]:845
[163, 73, 72, 32, 0]:719
[163, 158, 124, 71, 0]:1403
[163, 83, 31, 2, 0]:648
[163, 142, 60, 7, 0]:697
