[19, 5, 2, 1, 0]:65
[19, 5, 4, 3, 2, 1, 0]:65
[19, 6, 2, 1, 0]:64
[19, 6, 4, 1, 0]:73
[19, 16, 15, 12, 11, 9, 8, 6, 5, 2, 0]:99
[19, 6, 4, 3, 0]:67
[19, 6, 5, 1, 0]:59
[19, 6, 5, 3, 2, 1, 0]:85
[19, 6, 5, 4, 3, 2, 0]:80
[19, 16, 15, 12, 11, 9, 8, 6, 5, 4, 3, 2, 0]:99
[19, 7, 4, 1, 0]:70
[19, 17, 16, 13, 12, 9, 8, 6, 4, 1, 0]:96
[19, 7, 5, 3, 2, 1, 0]:84
[19, 7, 6, 5, 0]:70
[19, 16, 15, 12, 11, 9, 8, 7, 0]:83
[19, 8, 6, 1, 0]:74
[19, 8, 6, 5, 0]:75
[19, 8, 6, 5, 3, 1, 0]:87
[19, 16, 15, 12, 11, 9, 8, 7, 4, 2, 0]:95
[19, 8, 6, 5, 4, 2, 0]:82
[19, 18, 15, 14, 11, 10, 3, 2, 0]:83
[19, 8, 7, 2, 0]:75
[19, 8, 7, 4, 3, 2, 0]:91
[19, 17, 16, 13, 12, 9, 8, 6, 4, 3, 0]:95
[19, 16, 15, 12, 11, 9, 8, 7, 5, 4, 0]:98
[19, 8, 7, 5, 0]:76
[19, 8, 7, 5, 3, 2, 0]:85
[19, 8, 7, 5, 4, 1, 0]:85
[19, 16, 15, 12, 11, 9, 8, 7, 6, 1, 0]:91
[19, 8, 7, 5, 4, 3, 2, 1, 0]:97
[19, 8, 7, 6, 2, 1, 0]:80
[19, 16, 15, 12, 11, 10, 2, 1, 0]:94
[19, 8, 7, 6, 3, 2, 0]:91
[19, 16, 15, 12, 11, 10, 3, 2, 0]:96
[19, 17, 16, 13, 12, 9, 8, 6, 5, 3, 2, 1, 0]:87
[19, 8, 7, 6, 4, 3, 2, 1, 0]:95
[19, 9, 3, 1, 0]:73
[19, 9, 4, 1, 0]:74
[19, 9, 4, 3, 0]:74
[19, 9, 5, 2, 0]:75
[19, 18, 15, 14, 11, 10, 4, 1, 0]:82
[19, 16, 15, 12, 11, 10, 4, 3, 0]:101
[19, 9, 5, 4, 0]:63
[19, 9, 6, 3, 2, 1, 0]:92
[19, 9, 6, 4, 0]:76
[19, 16, 15, 12, 11, 10, 5, 1, 0]:104
[19, 9, 6, 5, 3, 1, 0]:88
[19, 9, 6, 5, 3, 2, 0]:84
[19, 16, 15, 12, 11, 10, 5, 3, 0]:95
[19, 17, 16, 13, 12, 9, 8, 6, 5, 4, 2, 1, 0]:97
[19, 9, 7, 1, 0]:74
[19, 9, 7, 2, 0]:64
[19, 16, 15, 12, 11, 10, 5, 4, 0]:96
[19, 9, 7, 4, 2, 1, 0]:91
[19, 9, 7, 5, 0]:72
[19, 9, 8, 5, 0]:75
[19, 9, 8, 6, 2, 1, 0]:92
[19, 16, 15, 12, 11, 10, 5, 4, 3, 1, 0]:103
[19, 9, 8, 6, 5, 3, 0]:83
[19, 18, 15, 14, 11, 10, 5, 3, 0]:95
[19, 16, 15, 12, 11, 10, 6, 2, 0]:93
[19, 9, 8, 6, 5, 3, 2, 1, 0]:97
[19, 17, 16, 13, 12, 9, 8, 6, 5, 4, 3, 2, 0]:106
[19, 9, 8, 7, 4, 3, 2, 1, 0]:95
[19, 16, 15, 12, 11, 10, 6, 4, 0]:90
[19, 9, 8, 7, 5, 2, 0]:90
[19, 9, 8, 7, 5, 3, 0]:94
[19, 16, 15, 12, 11, 10, 6, 4, 2, 1, 0]:105
[19, 9, 8, 7, 6, 3, 0]:92
[19, 17, 16, 13, 12, 9, 8, 7, 3, 1, 0]:92
[19, 9, 8, 7, 6, 4, 2, 1, 0]:95
[19, 16, 15, 12, 11, 10, 6, 5, 2, 1, 0]:92
[19, 9, 8, 7, 6, 4, 3, 1, 0]:96
[19, 9, 8, 7, 6, 4, 3, 2, 0]:101
[19, 16, 15, 12, 11, 10, 6, 5, 3, 1, 0]:102
[19, 9, 8, 7, 6, 5, 4, 1, 0]:92
[19, 10, 5, 4, 2, 1, 0]:83
[19, 16, 15, 12, 11, 10, 7, 4, 2, 1, 0]:106
[19, 10, 6, 4, 0]:67
[19, 17, 16, 13, 12, 9, 8, 7, 5, 3, 2, 1, 0]:96
[19, 10, 6, 5, 4, 2, 0]:87
[19, 18, 15, 14, 11, 10, 5, 4, 2, 1, 0]:93
[19, 16, 15, 12, 11, 10, 7, 4, 3, 1, 0]:100
[19, 10, 6, 5, 4, 3, 2, 1, 0]:91
[19, 10, 7, 3, 0]:67
[19, 10, 7, 4, 0]:72
[19, 16, 15, 12, 11, 10, 7, 5, 0]:103
[19, 10, 7, 5, 4, 2, 0]:86
[19, 10, 7, 5, 4, 3, 0]:91
[19, 10, 7, 6, 4, 1, 0]:84
[19, 16, 15, 12, 11, 10, 7, 6, 5, 3, 0]:102
[19, 17, 16, 13, 12, 9, 8, 7, 5, 4, 2, 1, 0]:101
[19, 10, 7, 6, 4, 3, 0]:85
[19, 10, 8, 4, 3, 2, 0]:93
[19, 16, 15, 12, 11, 10, 7, 6, 5, 4, 0]:92
[19, 10, 8, 5, 3, 1, 0]:85
[19, 10, 8, 5, 4, 3, 0]:97
[19, 10, 8, 6, 0]:72
[19, 16, 15, 12, 11, 10, 7, 6, 5, 4, 3, 1, 0]:105
[19, 10, 8, 6, 4, 1, 0]:90
[19, 10, 8, 6, 4, 3, 2, 1, 0]:97
[19, 17, 16, 13, 12, 9, 8, 7, 5, 4, 3, 1, 0]:100
[19, 16, 15, 12, 11, 10, 8, 5, 2, 1, 0]:96
[19, 10, 8, 6, 5, 4, 0]:89
[19, 18, 15, 14, 11, 10, 5, 4, 3, 1, 0]:97
[19, 10, 8, 6, 5, 4, 2, 1, 0]:100
[19, 16, 15, 12, 11, 10, 8, 5, 4, 2, 0]:95
[19, 10, 8, 7, 5, 3, 0]:97
[19, 10, 8, 7, 5, 4, 3, 1, 0]:97
[19, 16, 15, 12, 11, 10, 8, 6, 2, 1, 0]:97
[19, 10, 8, 7, 6, 4, 0]:92
[19, 17, 16, 13, 12, 9, 8, 7, 6, 1, 0]:101
[19, 10, 8, 7, 6, 4, 2, 1, 0]:89
[19, 16, 15, 12, 11, 10, 8, 6, 3, 1, 0]:102
[19, 10, 8, 7, 6, 4, 3, 2, 0]:101
[19, 10, 8, 7, 6, 5, 3, 1, 0]:99
[19, 16, 15, 12, 11, 10, 8, 7, 3, 2, 0]:100
[19, 10, 8, 7, 6, 5, 4, 2, 0]:100
[19, 10, 8, 7, 6, 5, 4, 3, 0]:101
[19, 16, 15, 12, 11, 10, 8, 7, 4, 1, 0]:104
[19, 18, 15, 14, 11, 10, 6, 4, 0]:89
[19, 17, 16, 13, 12, 9, 8, 7, 6, 4, 2, 1, 0]:84
[19, 10, 9, 3, 0]:65
[19, 10, 9, 4, 0]:64
[19, 10, 9, 5, 4, 1, 0]:77
[19, 16, 15, 12, 11, 10, 8, 7, 4, 3, 2, 1, 0]:93
[19, 10, 9, 6, 0]:69
[19, 10, 9, 6, 3, 1, 0]:90
[19, 10, 9, 6, 3, 2, 0]:90
[19, 16, 15, 12, 11, 10, 8, 7, 5, 3, 2, 1, 0]:96
[19, 10, 9, 6, 4, 3, 2, 1, 0]:97
[19, 17, 16, 13, 12, 9, 8, 7, 6, 5, 0]:98
[19, 10, 9, 6, 5, 2, 0]:91
[19, 16, 15, 12, 11, 10, 8, 7, 5, 4, 3, 1, 0]:98
[19, 10, 9, 7, 2, 1, 0]:85
[19, 10, 9, 7, 3, 1, 0]:91
[19, 17, 16, 13, 12, 10, 2, 1, 0]:85
[19, 16, 15, 12, 11, 10, 8, 7, 6, 1, 0]:98
[19, 10, 9, 7, 5, 4, 3, 2, 0]:100
[19, 10, 9, 7, 6, 1, 0]:86
[19, 10, 9, 7, 6, 4, 0]:95
[19, 18, 15, 14, 11, 10, 6, 5, 2, 1, 0]:88
[19, 16, 15, 12, 11, 10, 8, 7, 6, 5, 0]:102
[19, 10, 9, 7, 6, 5, 2, 1, 0]:92
[19, 17, 16, 13, 12, 10, 4, 3, 2, 1, 0]:87
[19, 10, 9, 7, 6, 5, 3, 2, 0]:103
[19, 16, 15, 12, 11, 10, 8, 7, 6, 5, 2, 1, 0]:94
[19, 10, 9, 8, 4, 2, 0]:90
[19, 10, 9, 8, 5, 4, 3, 1, 0]:94
[19, 16, 15, 12, 11, 10, 8, 7, 6, 5, 3, 2, 0]:104
[19, 10, 9, 8, 6, 2, 0]:88
[19, 10, 9, 8, 6, 3, 0]:86
[19, 17, 16, 13, 12, 10, 5, 1, 0]:98
[19, 16, 15, 12, 11, 10, 9, 1, 0]:97
[19, 10, 9, 8, 6, 4, 2, 1, 0]:99
[19, 10, 9, 8, 7, 2, 0]:89
[19, 16, 15, 12, 11, 10, 9, 3, 2, 1, 0]:97
[19, 10, 9, 8, 7, 4, 0]:90
[19, 17, 16, 13, 12, 10, 5, 4, 0]:90
[19, 10, 9, 8, 7, 4, 3, 2, 0]:105
[19, 16, 15, 12, 11, 10, 9, 5, 4, 2, 0]:90
[19, 10, 9, 8, 7, 6, 5, 3, 2, 1, 0]:95
[19, 18, 15, 14, 11, 10, 6, 5, 4, 2, 0]:91
[19, 10, 9, 8, 7, 6, 5, 4, 3, 2, 0]:86
[19, 16, 15, 12, 11, 10, 9, 6, 3, 2, 0]:99
[19, 11, 4, 2, 0]:64
[19, 11, 4, 3, 2, 1, 0]:88
[19, 17, 16, 13, 12, 10, 6, 4, 3, 1, 0]:96
[19, 11, 6, 1, 0]:71
[19, 16, 15, 12, 11, 10, 9, 6, 4, 2, 0]:97
[19, 11, 6, 2, 0]:73
[19, 11, 6, 4, 0]:74
[19, 11, 6, 5, 3, 1, 0]:84
[19, 16, 15, 12, 11, 10, 9, 6, 5, 3, 0]:93
[19, 11, 6, 5, 4, 1, 0]:93
[19, 11, 7, 4, 2, 1, 0]:93
[19, 17, 16, 13, 12, 10, 6, 4, 3, 2, 0]:91
[19, 16, 15, 12, 11, 10, 9, 6, 5, 4, 3, 2, 0]:97
[19, 11, 7, 4, 3, 1, 0]:86
[19, 11, 7, 5, 4, 3, 0]:82
[19, 11, 7, 6, 5, 1, 0]:91
[19, 16, 15, 12, 11, 10, 9, 7, 5, 1, 0]:97
[19, 11, 7, 6, 5, 2, 0]:91
[19, 11, 7, 6, 5, 4, 3, 1, 0]:95
[19, 17, 16, 13, 12, 10, 6, 5, 3, 2, 0]:98
[19, 18, 15, 14, 11, 10, 7, 3, 2, 1, 0]:95
[19, 16, 15, 12, 11, 10, 9, 7, 5, 2, 0]:103
[19, 11, 8, 5, 3, 1, 0]:87
[19, 11, 8, 5, 4, 2, 0]:85
[19, 11, 8, 6, 0]:65
[19, 16, 15, 12, 11, 10, 9, 7, 6, 3, 2, 1, 0]:102
[19, 11, 8, 6, 4, 1, 0]:94
[19, 11, 8, 6, 4, 2, 0]:86
[19, 16, 15, 12, 11, 10, 9, 7, 6, 4, 3, 1, 0]:92
[19, 11, 8, 6, 5, 3, 2, 1, 0]:97
[19, 17, 16, 13, 12, 10, 6, 5, 4, 1, 0]:101
[19, 11, 8, 6, 5, 4, 3, 2, 0]:96
[19, 11, 8, 7, 3, 1, 0]:82
[19, 16, 15, 12, 11, 10, 9, 7, 6, 5, 4, 3, 2, 1, 0]:95
[19, 11, 8, 7, 6, 2, 0]:95
[19, 11, 8, 7, 6, 3, 0]:91
[19, 16, 15, 12, 11, 10, 9, 8, 4, 3, 0]:95
[19, 11, 8, 7, 6, 5, 0]:87
[19, 17, 16, 13, 12, 10, 6, 5, 4, 3, 2, 1, 0]:101
[19, 11, 8, 7, 6, 5, 4, 1, 0]:101
[19, 11, 9, 4, 0]:77
[19, 18, 15, 14, 11, 10, 7, 5, 4, 2, 0]:83
[19, 16, 15, 12, 11, 10, 9, 8, 5, 1, 0]:102
[19, 11, 9, 5, 3, 1, 0]:86
[19, 11, 9, 5, 4, 2, 0]:91
[19, 16, 15, 12, 11, 10, 9, 8, 5, 2, 0]:101
[19, 11, 9, 6, 3, 2, 0]:92
[19, 17, 16, 13, 12, 10, 7, 2, 0]:102
[19, 11, 9, 6, 4, 3, 0]:87
[19, 16, 15, 12, 11, 10, 9, 8, 5, 4, 0]:96
[19, 11, 9, 6, 5, 4, 3, 1, 0]:100
[19, 11, 9, 7, 4, 1, 0]:93
[19, 16, 15, 12, 11, 10, 9, 8, 6, 1, 0]:101
[19, 11, 9, 7, 5, 2, 0]:80
[19, 11, 9, 7, 5, 4, 0]:90
[19, 17, 16, 13, 12, 10, 7, 3, 2, 1, 0]:108
[19, 16, 15, 12, 11, 10, 9, 8, 6, 3, 2, 1, 0]:91
[19, 11, 9, 7, 5, 4, 2, 1, 0]:102
[19, 11, 9, 7, 6, 5, 0]:92
[19, 16, 15, 12, 11, 10, 9, 8, 6, 5, 3, 1, 0]:104
[19, 18, 15, 14, 11, 10, 7, 6, 2, 1, 0]:80
[19, 11, 9, 8, 6, 3, 2, 1, 0]:101
[19, 17, 16, 13, 12, 10, 7, 4, 0]:103
[19, 11, 9, 8, 6, 4, 0]:95
[19, 16, 15, 12, 11, 10, 9, 8, 6, 5, 3, 2, 0]:98
[19, 11, 9, 8, 6, 4, 3, 1, 0]:103
[19, 11, 9, 8, 6, 5, 4, 2, 0]:94
[19, 16, 15, 12, 11, 10, 9, 8, 6, 5, 4, 2, 0]:98
[19, 11, 9, 8, 6, 5, 4, 3, 2, 1, 0]:101
[19, 17, 16, 13, 12, 10, 7, 4, 2, 1, 0]:99
[19, 16, 15, 12, 11, 10, 9, 8, 7, 3, 0]:94
[19, 11, 9, 8, 7, 5, 4, 2, 0]:99
[19, 11, 9, 8, 7, 5, 4, 3, 2, 1, 0]:108
[19, 16, 15, 12, 11, 10, 9, 8, 7, 6, 5, 2, 0]:103
[19, 11, 9, 8, 7, 6, 5, 3, 0]:93
[19, 17, 16, 13, 12, 10, 7, 5, 3, 1, 0]:101
[19, 11, 9, 8, 7, 6, 5, 4, 3, 1, 0]:102
[19, 18, 15, 14, 11, 10, 7, 6, 4, 3, 0]:82
[19, 16, 15, 12, 11, 10, 9, 8, 7, 6, 5, 3, 2, 1, 0]:95
[19, 11, 9, 8, 7, 6, 5, 4, 3, 2, 0]:98
[19, 11, 10, 3, 2, 1, 0]:73
[19, 16, 15, 13, 0]:89
[19, 11, 10, 5, 4, 3, 0]:87
[19, 11, 10, 6, 5, 1, 0]:81
[19, 16, 15, 13, 2, 1, 0]:100
[19, 11, 10, 6, 5, 2, 0]:95
[19, 17, 16, 13, 12, 10, 7, 6, 3, 2, 0]:86
[19, 16, 15, 13, 3, 1, 0]:94
[19, 11, 10, 7, 2, 1, 0]:92
[19, 11, 10, 7, 4, 3, 2, 1, 0]:94
[19, 18, 17, 14, 13, 10, 9, 7, 5, 4, 3, 1, 0]:102
[19, 16, 15, 13, 4, 1, 0]:86
[19, 11, 10, 7, 5, 4, 3, 2, 0]:103
[19, 16, 15, 13, 5, 4, 3, 2, 0]:99
[19, 11, 10, 7, 6, 3, 2, 1, 0]:87
[19, 16, 15, 13, 6, 3, 0]:94
[19, 11, 10, 7, 6, 4, 2, 1, 0]:97
[19, 17, 16, 13, 12, 10, 7, 6, 4, 2, 0]:98
[19, 11, 10, 7, 6, 5, 2, 1, 0]:98
[19, 16, 15, 13, 6, 3, 2, 1, 0]:95
[19, 11, 10, 7, 6, 5, 4, 1, 0]:92
[19, 18, 15, 14, 11, 10, 7, 6, 5, 1, 0]:80
[19, 16, 15, 13, 6, 4, 0]:105
[19, 11, 10, 8, 4, 1, 0]:91
[19, 11, 10, 8, 5, 3, 2, 1, 0]:95
[19, 16, 15, 13, 6, 4, 3, 1, 0]:98
[19, 11, 10, 8, 6, 4, 0]:95
[19, 17, 16, 13, 12, 10, 7, 6, 5, 3, 2, 1, 0]:101
[19, 11, 10, 8, 6, 4, 3, 1, 0]:98
[19, 16, 15, 13, 6, 4, 3, 2, 0]:99
[19, 11, 10, 8, 7, 1, 0]:78
[19, 11, 10, 8, 7, 4, 0]:89
[19, 16, 15, 13, 7, 1, 0]:96
[19, 11, 10, 8, 7, 4, 3, 1, 0]:96
[19, 16, 15, 13, 7, 5, 4, 2, 0]:94
[19, 11, 10, 8, 7, 5, 3, 1, 0]:92
[19, 11, 10, 8, 7, 5, 4, 3, 2, 1, 0]:94
[19, 17, 16, 13, 12, 10, 7, 6, 5, 4, 3, 1, 0]:96
[19, 16, 15, 13, 7, 6, 0]:102
[19, 11, 10, 8, 7, 6, 0]:92
[19, 11, 10, 8, 7, 6, 2, 1, 0]:97
[19, 16, 15, 13, 7, 6, 4, 3, 2, 1, 0]:100
[19, 18, 15, 14, 11, 10, 7, 6, 5, 2, 0]:78
[19, 11, 10, 8, 7, 6, 3, 1, 0]:94
[19, 16, 15, 13, 7, 6, 5, 3, 0]:88
[19, 11, 10, 8, 7, 6, 4, 2, 0]:104
[19, 16, 15, 13, 7, 6, 5, 4, 2, 1, 0]:104
[19, 17, 16, 13, 12, 10, 7, 6, 5, 4, 3, 2, 0]:93
[19, 11, 10, 8, 7, 6, 5, 4, 0]:96
[19, 11, 10, 8, 7, 6, 5, 4, 2, 1, 0]:103
[19, 16, 15, 13, 7, 6, 5, 4, 3, 1, 0]:106
[19, 11, 10, 9, 5, 2, 0]:92
[19, 11, 10, 9, 5, 3, 0]:89
[19, 16, 15, 13, 8, 2, 0]:99
[19, 17, 16, 13, 12, 10, 8, 4, 0]:93
[19, 11, 10, 9, 6, 2, 0]:95
[19, 11, 10, 9, 6, 3, 0]:87
[19, 16, 15, 13, 8, 4, 0]:98
[19, 11, 10, 9, 6, 5, 4, 1, 0]:95
[19, 16, 15, 13, 8, 5, 3, 1, 0]:85
[19, 11, 10, 9, 7, 2, 0]:90
[19, 16, 15, 13, 8, 5, 4, 1, 0]:98
[19, 11, 10, 9, 7, 4, 3, 2, 0]:96
[19, 17, 16, 13, 12, 10, 8, 4, 3, 1, 0]:102
[19, 11, 10, 9, 7, 5, 4, 2, 0]:100
[19, 16, 15, 13, 8, 6, 4, 3, 2, 1, 0]:100
[19, 18, 15, 14, 11, 10, 7, 6, 5, 4, 3, 2, 0]:75
[19, 11, 10, 9, 7, 6, 3, 1, 0]:94
[19, 11, 10, 9, 7, 6, 4, 3, 0]:99
[19, 16, 15, 13, 8, 6, 5, 4, 3, 1, 0]:88
[19, 11, 10, 9, 7, 6, 5, 1, 0]:94
[19, 16, 15, 13, 8, 7, 4, 3, 2, 1, 0]:102
[19, 11, 10, 9, 7, 6, 5, 3, 0]:96
[19, 17, 16, 13, 12, 10, 8, 5, 4, 1, 0]:102
[19, 11, 10, 9, 7, 6, 5, 4, 3, 2, 0]:105
[19, 16, 15, 13, 8, 7, 5, 4, 0]:100
[19, 11, 10, 9, 8, 1, 0]:73
[19, 11, 10, 9, 8, 4, 0]:93
[19, 16, 15, 13, 8, 7, 5, 4, 3, 1, 0]:100
[19, 11, 10, 9, 8, 5, 2, 1, 0]:99
[19, 11, 10, 9, 8, 6, 3, 1, 0]:96
[19, 16, 15, 13, 8, 7, 6, 2, 0]:95
[19, 17, 16, 13, 12, 10, 8, 5, 4, 3, 2, 1, 0]:92
[19, 18, 15, 14, 11, 10, 8, 3, 0]:97
[19, 11, 10, 9, 8, 6, 4, 3, 0]:96
[19, 16, 15, 13, 8, 7, 6, 4, 2, 1, 0]:95
[19, 11, 10, 9, 8, 6, 5, 4, 3, 2, 0]:104
[19, 11, 10, 9, 8, 7, 0]:87
[19, 16, 15, 13, 8, 7, 6, 4, 3, 2, 0]:101
[19, 11, 10, 9, 8, 7, 5, 1, 0]:101
[19, 16, 15, 13, 8, 7, 6, 5, 3, 2, 0]:89
[19, 11, 10, 9, 8, 7, 5, 4, 2, 1, 0]:104
[19, 17, 16, 13, 12, 10, 8, 6, 5, 4, 3, 1, 0]:101
[19, 16, 15, 13, 9, 1, 0]:86
[19, 11, 10, 9, 8, 7, 5, 4, 3, 2, 0]:104
[19, 11, 10, 9, 8, 7, 6, 1, 0]:87
[19, 16, 15, 13, 9, 4, 0]:92
[19, 11, 10, 9, 8, 7, 6, 3, 2, 1, 0]:95
[19, 16, 15, 13, 9, 6, 5, 4, 0]:89
[19, 11, 10, 9, 8, 7, 6, 4, 3, 1, 0]:104
[19, 17, 16, 13, 12, 10, 8, 7, 2, 1, 0]:96
[19, 11, 10, 9, 8, 7, 6, 5, 3, 1, 0]:97
[19, 16, 15, 13, 9, 6, 5, 4, 3, 2, 0]:95
[19, 18, 15, 14, 11, 10, 8, 4, 3, 1, 0]:88
[19, 11, 10, 9, 8, 7, 6, 5, 3, 2, 0]:103
[19, 16, 15, 13, 9, 7, 4, 3, 0]:101
[19, 11, 10, 9, 8, 7, 6, 5, 4, 2, 0]:91
[19, 16, 15, 13, 9, 7, 5, 3, 0]:99
[19, 12, 5, 3, 2, 1, 0]:85
[19, 17, 16, 13, 12, 10, 8, 7, 4, 1, 0]:96
[19, 12, 5, 4, 3, 2, 0]:89
[19, 16, 15, 13, 9, 7, 5, 4, 2, 1, 0]:99
[19, 12, 6, 3, 2, 1, 0]:89
[19, 12, 6, 4, 3, 2, 0]:97
[19, 16, 15, 13, 9, 7, 6, 2, 0]:101
[19, 12, 6, 5, 4, 3, 0]:86
[19, 12, 7, 5, 2, 1, 0]:86
[19, 16, 15, 13, 9, 7, 6, 4, 0]:101
[19, 12, 7, 5, 4, 1, 0]:86
[19, 17, 16, 13, 12, 10, 8, 7, 5, 4, 2, 1, 0]:96
[19, 12, 7, 6, 4, 1, 0]:94
[19, 16, 15, 13, 9, 7, 6, 4, 3, 1, 0]:99
[19, 18, 15, 14, 11, 10, 8, 5, 0]:89
[19, 12, 7, 6, 5, 2, 0]:81
[19, 16, 15, 13, 9, 7, 6, 5, 0]:90
[19, 12, 7, 6, 5, 3, 2, 1, 0]:100
[19, 12, 8, 5, 2, 1, 0]:92
[19, 16, 15, 13, 9, 8, 3, 2, 0]:93
[19, 12, 8, 5, 4, 2, 0]:83
[19, 12, 8, 5, 4, 3, 0]:82
[19, 17, 16, 13, 12, 10, 8, 7, 5, 4, 3, 2, 0]:98
[19, 16, 15, 13, 9, 8, 4, 2, 0]:91
[19, 12, 8, 6, 4, 2, 0]:88
[19, 12, 8, 6, 4, 3, 0]:90
[19, 16, 15, 13, 9, 8, 4, 3, 0]:99
[19, 12, 8, 6, 4, 3, 2, 1, 0]:101
[19, 16, 15, 13, 9, 8, 5, 1, 0]:91
[19, 12, 8, 6, 5, 3, 0]:89
[19, 12, 8, 6, 5, 3, 2, 1, 0]:101
[19, 16, 15, 13, 9, 8, 5, 3, 0]:92
[19, 17, 16, 13, 12, 10, 8, 7, 6, 5, 4, 3, 0]:100
[19, 12, 8, 6, 5, 4, 3, 1, 0]:104
[19, 18, 15, 14, 11, 10, 8, 5, 3, 2, 0]:82
[19, 16, 15, 13, 9, 8, 6, 2, 0]:94
[19, 12, 8, 7, 3, 2, 0]:88
[19, 12, 8, 7, 4, 1, 0]:86
[19, 12, 8, 7, 5, 1, 0]:80
[19, 16, 15, 13, 9, 8, 6, 3, 2, 1, 0]:86
[19, 12, 8, 7, 6, 3, 2, 1, 0]:104
[19, 17, 16, 13, 12, 10, 9, 5, 0]:99
[19, 16, 15, 13, 9, 8, 6, 4, 2, 1, 0]:88
[19, 12, 9, 4, 3, 2, 0]:96
[19, 12, 9, 5, 4, 3, 0]:87
[19, 16, 15, 13, 9, 8, 6, 5, 4, 2, 0]:97
[19, 12, 9, 5, 4, 3, 2, 1, 0]:98
[19, 12, 9, 6, 2, 1, 0]:90
[19, 16, 15, 13, 9, 8, 7, 4, 2, 1, 0]:91
[19, 17, 16, 13, 12, 10, 9, 5, 3, 1, 0]:102
[19, 12, 9, 6, 3, 1, 0]:89
[19, 12, 9, 6, 4, 1, 0]:90
[19, 16, 15, 13, 9, 8, 7, 5, 0]:96
[19, 12, 9, 6, 5, 3, 2, 1, 0]:97
[19, 18, 15, 14, 11, 10, 8, 6, 4, 2, 0]:62
[19, 16, 15, 13, 9, 8, 7, 5, 3, 2, 0]:96
[19, 17, 16, 13, 12, 10, 9, 5, 3, 2, 0]:94
[19, 12, 9, 6, 5, 4, 2, 1, 0]:104
[19, 12, 9, 7, 5, 2, 0]:77
[19, 16, 15, 13, 9, 8, 7, 5, 4, 1, 0]:95
[19, 12, 9, 7, 5, 3, 2, 1, 0]:100
[19, 16, 15, 13, 9, 8, 7, 5, 4, 3, 2, 1, 0]:97
[19, 12, 9, 7, 5, 4, 3, 1, 0]:101
[19, 12, 9, 7, 5, 4, 3, 2, 0]:100
[19, 17, 16, 13, 12, 10, 9, 5, 4, 1, 0]:96
[19, 16, 15, 13, 9, 8, 7, 6, 2, 1, 0]:95
[19, 12, 9, 7, 6, 3, 0]:87
[19, 12, 9, 7, 6, 4, 0]:91
[19, 16, 15, 13, 9, 8, 7, 6, 4, 1, 0]:97
[19, 12, 9, 7, 6, 4, 2, 1, 0]:104
[19, 12, 9, 8, 4, 2, 0]:94
[19, 17, 16, 13, 12, 10, 9, 6, 0]:96
[19, 16, 15, 13, 9, 8, 7, 6, 4, 3, 2, 1, 0]:97
[19, 12, 9, 8, 5, 3, 0]:92
[19, 18, 15, 14, 11, 10, 8, 6, 5, 3, 0]:96
[19, 12, 9, 8, 5, 4, 3, 1, 0]:97
[19, 16, 15, 13, 9, 8, 7, 6, 5, 2, 0]:94
[19, 12, 9, 8, 6, 2, 0]:95
[19, 16, 15, 13, 10, 1, 0]:98
[19, 12, 9, 8, 6, 4, 3, 2, 0]:102
[19, 16, 15, 13, 10, 3, 0]:90
[19, 12, 9, 8, 6, 5, 2, 1, 0]:95
[19, 17, 16, 13, 12, 10, 9, 6, 4, 3, 2, 1, 0]:102
[19, 12, 9, 8, 6, 5, 3, 1, 0]:98
[19, 16, 15, 13, 10, 4, 3, 1, 0]:100
[19, 12, 9, 8, 6, 5, 4, 2, 0]:98
[19, 16, 15, 13, 10, 6, 0]:92
[19, 12, 9, 8, 7, 2, 0]:95
[19, 12, 9, 8, 7, 5, 0]:88
[19, 16, 15, 13, 10, 6, 5, 3, 2, 1, 0]:90
[19, 12, 9, 8, 7, 5, 4, 3, 0]:95
[19, 18, 17, 14, 13, 10, 9, 7, 6, 1, 0]:97
[19, 17, 16, 13, 12, 10, 9, 6, 5, 3, 0]:92
[19, 12, 9, 8, 7, 6, 5, 1, 0]:93
[19, 16, 15, 13, 10, 6, 5, 4, 2, 1, 0]:102
[19, 12, 9, 8, 7, 6, 5, 3, 0]:92
[19, 16, 15, 13, 10, 7, 4, 1, 0]:93
[19, 12, 9, 8, 7, 6, 5, 4, 2, 1, 0]:108
[19, 12, 10, 3, 0]:66
[19, 12, 10, 4, 0]:77
[19, 16, 15, 13, 10, 7, 4, 2, 0]:101
[19, 18, 15, 14, 11, 10, 8, 6, 5, 4, 2, 1, 0]:100
[19, 17, 16, 13, 12, 10, 9, 6, 5, 4, 3, 1, 0]:99
[19, 12, 10, 4, 3, 1, 0]:88
[19, 12, 10, 5, 0]:61
[19, 16, 15, 13, 10, 7, 5, 1, 0]:99
[19, 12, 10, 5, 4, 2, 0]:89
[19, 12, 10, 6, 3, 1, 0]:86
[19, 16, 15, 13, 10, 7, 5, 4, 0]:91
[19, 12, 10, 6, 5, 3, 2, 1, 0]:100
[19, 17, 16, 13, 12, 10, 9, 7, 3, 1, 0]:99
[19, 16, 15, 13, 10, 7, 6, 3, 2, 1, 0]:86
[19, 12, 10, 6, 5, 4, 3, 1, 0]:92
[19, 12, 10, 7, 5, 4, 0]:84
[19, 16, 15, 13, 10, 7, 6, 5, 2, 1, 0]:101
[19, 12, 10, 7, 6, 5, 2, 1, 0]:100
[19, 12, 10, 7, 6, 5, 4, 3, 2, 1, 0]:98
[19, 16, 15, 13, 10, 7, 6, 5, 3, 2, 0]:97
[19, 17, 16, 13, 12, 10, 9, 7, 4, 2, 0]:94
[19, 12, 10, 8, 3, 2, 0]:94
[19, 18, 15, 14, 11, 10, 8, 7, 3, 2, 0]:80
[19, 16, 15, 13, 10, 7, 6, 5, 4, 3, 2, 1, 0]:85
[19, 12, 10, 8, 4, 2, 0]:88
[19, 12, 10, 8, 5, 4, 2, 1, 0]:91
[19, 16, 15, 13, 10, 8, 0]:91
[19, 12, 10, 8, 6, 4, 2, 1, 0]:92
[19, 12, 10, 8, 6, 5, 3, 1, 0]:98
[19, 16, 15, 13, 10, 8, 5, 4, 2, 1, 0]:101
[19, 12, 10, 8, 6, 5, 4, 3, 2, 1, 0]:95
[19, 17, 16, 13, 12, 10, 9, 7, 5, 4, 3, 1, 0]:104
[19, 16, 15, 13, 10, 8, 5, 4, 3, 1, 0]:102
[19, 12, 10, 8, 7, 1, 0]:95
[19, 12, 10, 8, 7, 3, 2, 1, 0]:85
[19, 16, 15, 13, 10, 8, 6, 4, 3, 1, 0]:90
[19, 12, 10, 8, 7, 5, 3, 1, 0]:97
[19, 12, 10, 8, 7, 5, 4, 2, 0]:99
[19, 16, 15, 13, 10, 8, 6, 5, 4, 3, 2, 1, 0]:96
[19, 17, 16, 13, 12, 10, 9, 7, 6, 1, 0]:96
[19, 12, 10, 8, 7, 6, 2, 1, 0]:103
[19, 16, 15, 13, 10, 8, 7, 1, 0]:102
[19, 18, 15, 14, 11, 10, 8, 7, 4, 2, 0]:84
[19, 12, 10, 8, 7, 6, 3, 1, 0]:101
[19, 12, 10, 8, 7, 6, 5, 4, 3, 1, 0]:103
[19, 16, 15, 13, 10, 8, 7, 4, 0]:85
[19, 12, 10, 9, 3, 2, 0]:85
[19, 12, 10, 9, 4, 3, 0]:91
[19, 16, 15, 13, 10, 8, 7, 4, 3, 2, 0]:107
[19, 17, 16, 13, 12, 10, 9, 7, 6, 4, 3, 2, 0]:97
[19, 12, 10, 9, 6, 2, 0]:91
[19, 12, 10, 9, 6, 4, 0]:93
[19, 16, 15, 13, 10, 8, 7, 5, 0]:100
[19, 12, 10, 9, 6, 4, 3, 1, 0]:100
[19, 16, 15, 13, 10, 8, 7, 5, 2, 1, 0]:101
[19, 12, 10, 9, 6, 5, 3, 2, 0]:96
[19, 12, 10, 9, 6, 5, 4, 2, 0]:104
[19, 16, 15, 13, 10, 8, 7, 6, 3, 2, 0]:100
[19, 17, 16, 13, 12, 10, 9, 7, 6, 5, 0]:97
[19, 12, 10, 9, 7, 1, 0]:92
[19, 12, 10, 9, 7, 3, 0]:90
[19, 16, 15, 13, 10, 8, 7, 6, 5, 3, 0]:90
[19, 12, 10, 9, 7, 5, 2, 1, 0]:95
[19, 12, 10, 9, 7, 5, 3, 2, 0]:98
[19, 16, 15, 13, 10, 8, 7, 6, 5, 3, 2, 1, 0]:99
[19, 18, 15, 14, 11, 10, 8, 7, 5, 3, 2, 1, 0]:101
[19, 12, 10, 9, 7, 6, 0]:100
[19, 16, 15, 13, 10, 9, 3, 2, 0]:99
[19, 12, 10, 9, 7, 6, 2, 1, 0]:95
[19, 17, 16, 13, 12, 10, 9, 7, 6, 5, 2, 1, 0]:101
[19, 12, 10, 9, 7, 6, 5, 4, 2, 1, 0]:102
[19, 16, 15, 13, 10, 9, 4, 3, 2, 1, 0]:98
[19, 12, 10, 9, 8, 6, 4, 2, 0]:93
[19, 16, 15, 13, 10, 9, 5, 2, 0]:88
[19, 12, 10, 9, 8, 6, 5, 2, 0]:97
[19, 16, 15, 13, 10, 9, 5, 3, 0]:99
[19, 12, 10, 9, 8, 6, 5, 4, 2, 1, 0]:100
[19, 12, 10, 9, 8, 7, 4, 3, 2, 1, 0]:100
[19, 16, 15, 13, 10, 9, 5, 4, 2, 1, 0]:80
[19, 17, 16, 13, 12, 10, 9, 8, 4, 3, 2, 1, 0]:100
[19, 12, 10, 9, 8, 7, 5, 3, 2, 1, 0]:102
[19, 16, 15, 13, 10, 9, 6, 4, 0]:98
[19, 12, 10, 9, 8, 7, 5, 4, 0]:100
[19, 12, 10, 9, 8, 7, 6, 2, 0]:100
[19, 16, 15, 13, 10, 9, 6, 5, 4, 2, 0]:97
[19, 12, 10, 9, 8, 7, 6, 3, 2, 1, 0]:105
[19, 16, 15, 13, 10, 9, 6, 5, 4, 3, 2, 1, 0]:88
[19, 17, 16, 13, 12, 10, 9, 8, 5, 3, 2, 1, 0]:88
[19, 12, 10, 9, 8, 7, 6, 4, 0]:105
[19, 18, 15, 14, 11, 10, 8, 7, 5, 4, 3, 1, 0]:99
[19, 16, 15, 13, 10, 9, 7, 3, 2, 1, 0]:93
[19, 12, 10, 9, 8, 7, 6, 5, 4, 3, 0]:104
[19, 12, 11, 1, 0]:69
[19, 16, 15, 13, 10, 9, 7, 4, 3, 1, 0]:88
[19, 12, 11, 4, 2, 1, 0]:97
[19, 12, 11, 6, 3, 2, 0]:93
[19, 17, 16, 13, 12, 10, 9, 8, 6, 2, 0]:100
[19, 16, 15, 13, 10, 9, 7, 5, 3, 1, 0]:96
[19, 12, 11, 6, 4, 3, 2, 1, 0]:97
[19, 12, 11, 6, 5, 3, 0]:87
[19, 16, 15, 13, 10, 9, 7, 5, 4, 3, 0]:92
[19, 12, 11, 6, 5, 4, 3, 2, 0]:93
[19, 12, 11, 7, 5, 1, 0]:93
[19, 12, 11, 7, 5, 3, 0]:88
[19, 16, 15, 13, 10, 9, 7, 6, 4, 3, 0]:95
[19, 12, 11, 7, 5, 4, 0]:85
[19, 17, 16, 13, 12, 10, 9, 8, 6, 4, 2, 1, 0]:91
[19, 12, 11, 7, 6, 4, 3, 1, 0]:96
[19, 16, 15, 13, 10, 9, 7, 6, 5, 2, 0]:102
[19, 12, 11, 7, 6, 5, 0]:83
[19, 12, 11, 7, 6, 5, 3, 1, 0]:92
[19, 18, 15, 14, 11, 10, 8, 7, 6, 2, 0]:93
[19, 16, 15, 13, 10, 9, 7, 6, 5, 3, 2, 1, 0]:101
[19, 12, 11, 7, 6, 5, 4, 3, 2, 1, 0]:90
[19, 12, 11, 8, 3, 1, 0]:85
[19, 16, 15, 13, 10, 9, 8, 3, 0]:97
[19, 12, 11, 8, 5, 3, 2, 1, 0]:92
[19, 17, 16, 13, 12, 10, 9, 8, 6, 5, 3, 2, 0]:96
[19, 12, 11, 8, 5, 4, 3, 2, 0]:95
[19, 16, 15, 13, 10, 9, 8, 4, 3, 1, 0]:104
[19, 12, 11, 8, 6, 3, 0]:90
[19, 16, 15, 13, 10, 9, 8, 5, 4, 1, 0]:87
[19, 12, 11, 8, 6, 4, 3, 1, 0]:95
[19, 12, 11, 8, 6, 5, 4, 3, 0]:94
[19, 16, 15, 13, 10, 9, 8, 6, 0]:98
[19, 12, 11, 8, 6, 5, 4, 3, 2, 1, 0]:94
[19, 17, 16, 13, 12, 10, 9, 8, 7, 3, 0]:102
[19, 12, 11, 8, 7, 1, 0]:83
[19, 16, 15, 13, 10, 9, 8, 6, 3, 2, 0]:99
[19, 12, 11, 8, 7, 4, 3, 1, 0]:96
[19, 12, 11, 8, 7, 5, 3, 2, 0]:98
[19, 16, 15, 13, 10, 9, 8, 7, 2, 1, 0]:104
[19, 12, 11, 8, 7, 5, 4, 2, 0]:101
[19, 16, 15, 13, 10, 9, 8, 7, 5, 4, 3, 2, 0]:95
[19, 12, 11, 8, 7, 6, 3, 2, 0]:98
[19, 18, 15, 14, 11, 10, 8, 7, 6, 3, 2, 1, 0]:102
[19, 17, 16, 13, 12, 10, 9, 8, 7, 3, 2, 1, 0]:107
[19, 12, 11, 8, 7, 6, 4, 3, 2, 1, 0]:106
[19, 16, 15, 13, 10, 9, 8, 7, 6, 1, 0]:94
[19, 12, 11, 8, 7, 6, 5, 2, 0]:99
[19, 16, 15, 13, 11, 3, 2, 1, 0]:91
[19, 12, 11, 8, 7, 6, 5, 3, 2, 1, 0]:99
[19, 16, 15, 13, 11, 4, 2, 1, 0]:97
[19, 12, 11, 8, 7, 6, 5, 4, 2, 1, 0]:99
[19, 16, 15, 13, 11, 5, 0]:92
[19, 12, 11, 9, 5, 3, 2, 1, 0]:92
[19, 12, 11, 9, 5, 4, 0]:97
[19, 17, 16, 13, 12, 10, 9, 8, 7, 5, 4, 3, 2, 1, 0]:104
[19, 16, 15, 13, 11, 5, 4, 3, 0]:97
[19, 12, 11, 9, 6, 3, 2, 1, 0]:99
[19, 16, 15, 13, 11, 6, 3, 2, 0]:93
[19, 12, 11, 9, 6, 4, 3, 2, 0]:95
[19, 12, 11, 9, 6, 5, 4, 1, 0]:102
[19, 16, 15, 13, 11, 6, 5, 1, 0]:101
[19, 12, 11, 9, 7, 4, 3, 1, 0]:101
[19, 17, 16, 13, 12, 10, 9, 8, 7, 6, 0]:100
[19, 16, 15, 13, 11, 6, 5, 4, 0]:96
[19, 12, 11, 9, 7, 5, 3, 1, 0]:94
[19, 18, 15, 14, 11, 10, 8, 7, 6, 5, 3, 1, 0]:93
[19, 16, 15, 13, 11, 7, 0]:91
[19, 12, 11, 9, 7, 5, 3, 2, 0]:91
[19, 12, 11, 9, 7, 6, 0]:94
[19, 16, 15, 13, 11, 7, 4, 1, 0]:94
[19, 12, 11, 9, 7, 6, 4, 2, 0]:99
[19, 16, 15, 13, 11, 7, 5, 2, 0]:98
[19, 12, 11, 9, 7, 6, 5, 1, 0]:100
[19, 17, 16, 13, 12, 10, 9, 8, 7, 6, 2, 1, 0]:103
[19, 12, 11, 9, 7, 6, 5, 4, 0]:102
[19, 16, 15, 13, 11, 7, 5, 4, 2, 1, 0]:101
[19, 12, 11, 9, 7, 6, 5, 4, 3, 1, 0]:106
[19, 16, 15, 13, 11, 7, 6, 3, 2, 1, 0]:100
[19, 12, 11, 9, 8, 3, 2, 1, 0]:101
[19, 12, 11, 9, 8, 5, 4, 3, 0]:94
[19, 18, 17, 14, 13, 10, 9, 7, 6, 3, 0]:101
[19, 18, 15, 14, 11, 10, 9, 3, 0]:100
[19, 16, 15, 13, 11, 7, 6, 5, 4, 3, 0]:102
[19, 12, 11, 9, 8, 6, 5, 1, 0]:101
[19, 17, 16, 13, 12, 10, 9, 8, 7, 6, 3, 1, 0]:104
[19, 12, 11, 9, 8, 7, 4, 3, 2, 1, 0]:93
[19, 16, 15, 13, 11, 7, 6, 5, 4, 3, 2, 1, 0]:102
[19, 12, 11, 9, 8, 7, 5, 4, 2, 1, 0]:105
[19, 16, 15, 13, 11, 8, 2, 1, 0]:89
[19, 17, 16, 13, 12, 11, 0]:96
[19, 12, 11, 9, 8, 7, 5, 4, 3, 2, 0]:107
[19, 16, 15, 13, 11, 8, 4, 1, 0]:84
[19, 12, 11, 9, 8, 7, 6, 2, 0]:100
[19, 12, 11, 9, 8, 7, 6, 3, 0]:97
[19, 16, 15, 13, 11, 8, 5, 1, 0]:96
[19, 12, 11, 10, 4, 3, 2, 1, 0]:89
[19, 17, 16, 13, 12, 11, 5, 4, 0]:103
[19, 16, 15, 13, 11, 8, 5, 4, 2, 1, 0]:88
[19, 12, 11, 10, 5, 4, 0]:90
[19, 18, 15, 14, 11, 10, 9, 5, 0]:99
[19, 16, 15, 13, 11, 8, 6, 3, 0]:88
[19, 12, 11, 10, 6, 5, 3, 2, 0]:97
[19, 12, 11, 10, 6, 5, 4, 1, 0]:89
[19, 16, 15, 13, 11, 8, 6, 3, 2, 1, 0]:96
[19, 12, 11, 10, 6, 5, 4, 3, 0]:96
[19, 17, 16, 13, 12, 11, 5, 4, 3, 2, 0]:97
[19, 12, 11, 10, 7, 2, 0]:88
[19, 16, 15, 13, 11, 8, 6, 5, 2, 1, 0]:99
[19, 12, 11, 10, 7, 4, 0]:88
[19, 16, 15, 13, 11, 8, 7, 1, 0]:95
[19, 12, 11, 10, 7, 5, 4, 1, 0]:96
[19, 12, 11, 10, 7, 6, 2, 1, 0]:91
[19, 16, 15, 13, 11, 8, 7, 3, 0]:89
[19, 17, 16, 13, 12, 11, 6, 1, 0]:105
[19, 12, 11, 10, 7, 6, 3, 1, 0]:82
[19, 16, 15, 13, 11, 8, 7, 5, 0]:99
[19, 12, 11, 10, 7, 6, 5, 3, 0]:95
[19, 12, 11, 10, 8, 3, 0]:93
[19, 12, 11, 10, 8, 4, 3, 1, 0]:99
[19, 16, 15, 13, 11, 8, 7, 5, 4, 3, 2, 1, 0]:89
[19, 18, 15, 14, 11, 10, 9, 5, 4, 1, 0]:88
[19, 17, 16, 13, 12, 11, 6, 3, 0]:102
[19, 12, 11, 10, 8, 5, 2, 1, 0]:99
[19, 12, 11, 10, 8, 5, 3, 2, 0]:97
[19, 16, 15, 13, 11, 8, 7, 6, 4, 3, 2, 1, 0]:98
[19, 12, 11, 10, 8, 5, 4, 1, 0]:100
[19, 12, 11, 10, 8, 5, 4, 3, 2, 1, 0]:102
[19, 16, 15, 13, 11, 8, 7, 6, 5, 2, 0]:96
[19, 12, 11, 10, 8, 6, 3, 2, 0]:102
[19, 17, 16, 13, 12, 11, 6, 3, 2, 1, 0]:86
[19, 12, 11, 10, 8, 6, 5, 3, 0]:94
[19, 16, 15, 13, 11, 8, 7, 6, 5, 4, 2, 1, 0]:95
[19, 12, 11, 10, 8, 6, 5, 3, 2, 1, 0]:96
[19, 12, 11, 10, 8, 6, 5, 4, 2, 1, 0]:96
[19, 16, 15, 13, 11, 8, 7, 6, 5, 4, 3, 2, 0]:103
[19, 12, 11, 10, 8, 7, 4, 1, 0]:104
[19, 17, 16, 13, 12, 11, 6, 4, 3, 2, 0]:92
[19, 16, 15, 13, 11, 9, 4, 2, 0]:99
[19, 12, 11, 10, 8, 7, 4, 2, 0]:98
[19, 18, 15, 14, 11, 10, 9, 6, 3, 1, 0]:90
[19, 12, 11, 10, 8, 7, 4, 3, 0]:98
[19, 16, 15, 13, 11, 9, 5, 3, 0]:93
[19, 12, 11, 10, 8, 7, 5, 1, 0]:92
[19, 16, 15, 13, 11, 9, 5, 4, 0]:86
[19, 12, 11, 10, 8, 7, 6, 3, 2, 1, 0]:104
[19, 17, 16, 13, 12, 11, 6, 5, 2, 1, 0]:97
[19, 12, 11, 10, 8, 7, 6, 4, 3, 1, 0]:101
[19, 16, 15, 13, 11, 9, 5, 4, 3, 1, 0]:102
[19, 12, 11, 10, 8, 7, 6, 5, 3, 1, 0]:92
[19, 12, 11, 10, 9, 4, 3, 2, 0]:99
[19, 16, 15, 13, 11, 9, 5, 4, 3, 2, 0]:99
[19, 12, 11, 10, 9, 5, 3, 1, 0]:85
[19, 12, 11, 10, 9, 5, 4, 1, 0]:89
[19, 17, 16, 13, 12, 11, 6, 5, 4, 3, 0]:100
[19, 16, 15, 13, 11, 9, 6, 3, 2, 1, 0]:97
[19, 12, 11, 10, 9, 6, 0]:99
[19, 16, 15, 13, 11, 9, 7, 2, 0]:105
[19, 12, 11, 10, 9, 6, 4, 2, 0]:94
[19, 12, 11, 10, 9, 6, 5, 3, 0]:88
[19, 18, 15, 14, 11, 10, 9, 6, 4, 1, 0]:92
[19, 16, 15, 13, 11, 9, 7, 3, 2, 1, 0]:94
[19, 12, 11, 10, 9, 6, 5, 4, 0]:98
[19, 17, 16, 13, 12, 11, 7, 5, 4, 1, 0]:91
[19, 12, 11, 10, 9, 6, 5, 4, 2, 1, 0]:96
[19, 16, 15, 13, 11, 9, 7, 5, 0]:98
[19, 12, 11, 10, 9, 7, 4, 2, 0]:101
[19, 16, 15, 13, 11, 9, 7, 5, 4, 3, 2, 1, 0]:98
[19, 12, 11, 10, 9, 7, 4, 3, 0]:103
[19, 12, 11, 10, 9, 7, 5, 1, 0]:92
[19, 16, 15, 13, 11, 9, 7, 6, 4, 1, 0]:94
[19, 17, 16, 13, 12, 11, 7, 6, 4, 1, 0]:105
[19, 12, 11, 10, 9, 7, 5, 3, 2, 1, 0]:101
[19, 16, 15, 13, 11, 9, 7, 6, 5, 1, 0]:91
[19, 12, 11, 10, 9, 7, 6, 4, 0]:98
[19, 16, 15, 13, 11, 9, 8, 4, 0]:83
[19, 12, 11, 10, 9, 7, 6, 4, 3, 2, 0]:105
[19, 12, 11, 10, 9, 7, 6, 5, 0]:99
[19, 17, 16, 13, 12, 11, 7, 6, 4, 3, 0]:103
[19, 18, 15, 14, 11, 10, 9, 6, 4, 3, 0]:83
[19, 16, 15, 13, 11, 9, 8, 4, 3, 1, 0]:92
[19, 12, 11, 10, 9, 7, 6, 5, 4, 1, 0]:104
[19, 12, 11, 10, 9, 7, 6, 5, 4, 3, 0]:103
[19, 16, 15, 13, 11, 9, 8, 4, 3, 2, 0]:99
[19, 12, 11, 10, 9, 8, 0]:92
[19, 16, 15, 13, 11, 9, 8, 5, 2, 1, 0]:85
[19, 12, 11, 10, 9, 8, 5, 4, 3, 1, 0]:100
[19, 17, 16, 13, 12, 11, 7, 6, 4, 3, 2, 1, 0]:100
[19, 12, 11, 10, 9, 8, 6, 2, 0]:98
[19, 16, 15, 13, 11, 9, 8, 5, 3, 2, 0]:99
[19, 12, 11, 10, 9, 8, 6, 4, 2, 1, 0]:103
[19, 16, 15, 13, 11, 9, 8, 6, 3, 1, 0]:98
[19, 12, 11, 10, 9, 8, 6, 5, 3, 2, 0]:98
[19, 12, 11, 10, 9, 8, 6, 5, 4, 3, 2, 1, 0]:99
[19, 17, 16, 13, 12, 11, 8, 4, 2, 1, 0]:91
[19, 16, 15, 13, 11, 9, 8, 6, 4, 2, 0]:91
[19, 12, 11, 10, 9, 8, 7, 3, 2, 1, 0]:97
[19, 16, 15, 13, 11, 9, 8, 6, 5, 1, 0]:100
[19, 12, 11, 10, 9, 8, 7, 5, 3, 2, 0]:94
[19, 12, 11, 10, 9, 8, 7, 5, 4, 3, 0]:98
[19, 18, 15, 14, 11, 10, 9, 6, 5, 4, 3, 1, 0]:95
[19, 16, 15, 13, 11, 9, 8, 6, 5, 2, 0]:100
[19, 17, 16, 13, 12, 11, 8, 4, 3, 2, 0]:103
[19, 12, 11, 10, 9, 8, 7, 6, 4, 2, 0]:81
[19, 16, 15, 13, 11, 9, 8, 6, 5, 4, 0]:92
[19, 12, 11, 10, 9, 8, 7, 6, 5, 1, 0]:92
[19, 12, 11, 10, 9, 8, 7, 6, 5, 3, 2, 1, 0]:96
[19, 16, 15, 13, 11, 9, 8, 7, 3, 1, 0]:97
[19, 12, 11, 10, 9, 8, 7, 6, 5, 4, 0]:100
[19, 17, 16, 13, 12, 11, 8, 6, 2, 1, 0]:91
[19, 13, 3, 2, 0]:72
[19, 16, 15, 13, 11, 9, 8, 7, 4, 3, 2, 1, 0]:87
[19, 13, 4, 3, 0]:73
[19, 13, 5, 3, 0]:76
[19, 13, 6, 5, 4, 1, 0]:85
[19, 16, 15, 13, 11, 9, 8, 7, 6, 3, 0]:93
[19, 13, 7, 4, 3, 1, 0]:82
[19, 13, 7, 4, 3, 2, 0]:92
[19, 16, 15, 13, 11, 9, 8, 7, 6, 4, 0]:93
[19, 13, 7, 5, 3, 2, 0]:90
[19, 17, 16, 13, 12, 11, 8, 6, 3, 1, 0]:95
[19, 13, 7, 5, 4, 3, 2, 1, 0]:88
[19, 16, 15, 13, 11, 9, 8, 7, 6, 4, 2, 1, 0]:84
[19, 13, 7, 6, 3, 1, 0]:76
[19, 18, 15, 14, 11, 10, 9, 7, 2, 1, 0]:97
[19, 13, 7, 6, 4, 1, 0]:80
[19, 13, 7, 6, 4, 3, 0]:91
[19, 13, 7, 6, 5, 2, 0]:87
[19, 16, 15, 13, 11, 9, 8, 7, 6, 5, 4, 3, 2, 1, 0]:100
[19, 17, 16, 13, 12, 11, 8, 6, 5, 1, 0]:97
[19, 13, 7, 6, 5, 4, 3, 2, 0]:97
[19, 16, 15, 13, 11, 10, 4, 1, 0]:95
[19, 13, 8, 2, 0]:65
[19, 13, 8, 5, 4, 3, 0]:93
[19, 16, 15, 13, 11, 10, 4, 3, 2, 1, 0]:90
[19, 13, 8, 5, 4, 3, 2, 1, 0]:99
[19, 13, 8, 6, 4, 3, 2, 1, 0]:97
[19, 16, 15, 13, 11, 10, 5, 1, 0]:102
[19, 17, 16, 13, 12, 11, 8, 6, 5, 3, 0]:96
[19, 13, 8, 6, 5, 1, 0]:91
[19, 13, 8, 6, 5, 4, 2, 1, 0]:102
[19, 16, 15, 13, 11, 10, 5, 2, 0]:104
[19, 13, 8, 6, 5, 4, 3, 1, 0]:96
[19, 13, 8, 7, 2, 1, 0]:75
[19, 16, 15, 13, 11, 10, 6, 5, 3, 1, 0]:88
[19, 13, 8, 7, 4, 2, 0]:87
[19, 13, 8, 7, 5, 3, 2, 1, 0]:95
[19, 17, 16, 13, 12, 11, 8, 6, 5, 4, 3, 1, 0]:94
[19, 16, 15, 13, 11, 10, 6, 5, 4, 3, 0]:91
[19, 18, 15, 14, 11, 10, 9, 7, 5, 3, 2, 1, 0]:96
[19, 13, 8, 7, 5, 4, 0]:89
[19, 13, 8, 7, 6, 4, 0]:89
[19, 16, 15, 13, 11, 10, 7, 2, 0]:99
[19, 13, 8, 7, 6, 5, 2, 1, 0]:92
[19, 13, 8, 7, 6, 5, 3, 1, 0]:100
[19, 16, 15, 13, 11, 10, 7, 5, 3, 1, 0]:107
[19, 13, 8, 7, 6, 5, 4, 1, 0]:96
[19, 17, 16, 13, 12, 11, 8, 7, 0]:98
[19, 13, 9, 1, 0]:78
[19, 13, 9, 2, 0]:79
[19, 16, 15, 13, 11, 10, 7, 6, 3, 2, 0]:94
[19, 13, 9, 3, 0]:64
[19, 13, 9, 4, 0]:72
[19, 16, 15, 13, 11, 10, 7, 6, 4, 3, 2, 1, 0]:87
[19, 13, 9, 5, 2, 1, 0]:91
[19, 18, 17, 14, 13, 10, 9, 7, 6, 5, 0]:103
[19, 18, 15, 14, 11, 10, 9, 7, 5, 4, 0]:95
[19, 17, 16, 13, 12, 11, 8, 7, 4, 1, 0]:95
[19, 13, 9, 5, 4, 3, 2, 1, 0]:98
[19, 13, 9, 6, 3, 1, 0]:85
[19, 16, 15, 13, 11, 10, 7, 6, 5, 3, 2, 1, 0]:95
[19, 13, 9, 6, 4, 3, 0]:90
[19, 13, 9, 6, 4, 3, 2, 1, 0]:99
[19, 16, 15, 13, 11, 10, 7, 6, 5, 4, 3, 1, 0]:95
[19, 13, 9, 6, 5, 2, 0]:90
[19, 17, 16, 13, 12, 11, 8, 7, 5, 3, 0]:105
[19, 13, 9, 6, 5, 4, 3, 1, 0]:92
[19, 13, 9, 7, 3, 1, 0]:78
[19, 16, 15, 13, 11, 10, 7, 6, 5, 4, 3, 2, 0]:99
[19, 13, 9, 7, 4, 2, 0]:88
[19, 16, 15, 13, 11, 10, 8, 3, 0]:89
[19, 13, 9, 7, 5, 2, 0]:91
[19, 16, 15, 13, 11, 10, 8, 4, 0]:83
[19, 13, 9, 7, 6, 3, 2, 1, 0]:83
[19, 17, 16, 13, 12, 11, 8, 7, 6, 5, 0]:99
[19, 18, 15, 14, 11, 10, 9, 7, 6, 3, 0]:100
[19, 13, 9, 8, 4, 1, 0]:89
[19, 16, 15, 13, 11, 10, 8, 5, 0]:94
[19, 13, 9, 8, 4, 2, 0]:87
[19, 13, 9, 8, 5, 3, 0]:92
[19, 16, 15, 13, 11, 10, 8, 5, 4, 2, 0]:89
[19, 13, 9, 8, 5, 4, 0]:87
[19, 13, 9, 8, 5, 4, 3, 1, 0]:99
[19, 16, 15, 13, 11, 10, 8, 6, 5, 3, 0]:88
[19, 17, 16, 13, 12, 11, 8, 7, 6, 5, 4, 3, 0]:96
[19, 13, 9, 8, 6, 5, 0]:92
[19, 16, 15, 13, 11, 10, 8, 6, 5, 4, 3, 1, 0]:84
[19, 13, 9, 8, 6, 5, 4, 3, 2, 1, 0]:99
[19, 13, 9, 8, 7, 4, 3, 2, 0]:99
[19, 16, 15, 13, 11, 10, 8, 6, 5, 4, 3, 2, 0]:91
[19, 13, 9, 8, 7, 5, 2, 1, 0]:92
[19, 13, 9, 8, 7, 5, 3, 1, 0]:96
[19, 16, 15, 13, 11, 10, 8, 7, 4, 1, 0]:97
[19, 13, 9, 8, 7, 5, 4, 1, 0]:89
[19, 17, 16, 13, 12, 11, 8, 7, 6, 5, 4, 3, 2, 1, 0]:96
[19, 13, 9, 8, 7, 5, 4, 3, 0]:94
[19, 16, 15, 13, 11, 10, 8, 7, 5, 1, 0]:101
[19, 18, 15, 14, 11, 10, 9, 7, 6, 3, 2, 1, 0]:96
[19, 13, 9, 8, 7, 6, 4, 3, 2, 1, 0]:103
[19, 16, 15, 13, 11, 10, 8, 7, 5, 3, 2, 1, 0]:84
[19, 13, 9, 8, 7, 6, 5, 4, 3, 1, 0]:101
[19, 13, 10, 1, 0]:70
[19, 17, 16, 13, 12, 11, 9, 5, 3, 2, 0]:93
[19, 13, 10, 4, 3, 1, 0]:75
[19, 16, 15, 13, 11, 10, 8, 7, 5, 4, 2, 1, 0]:103
[19, 13, 10, 5, 4, 2, 0]:94
[19, 13, 10, 6, 2, 1, 0]:95
[19, 16, 15, 13, 11, 10, 8, 7, 5, 4, 3, 2, 0]:98
[19, 13, 10, 6, 5, 4, 0]:95
[19, 13, 10, 6, 5, 4, 3, 2, 0]:101
[19, 16, 15, 13, 11, 10, 8, 7, 6, 5, 4, 3, 0]:99
[19, 13, 10, 7, 4, 1, 0]:76
[19, 17, 16, 13, 12, 11, 9, 5, 4, 2, 0]:96
[19, 13, 10, 7, 4, 3, 0]:77
[19, 16, 15, 13, 11, 10, 9, 3, 0]:92
[19, 13, 10, 7, 5, 4, 3, 1, 0]:100
[19, 13, 10, 7, 6, 3, 0]:64
[19, 16, 15, 13, 11, 10, 9, 3, 2, 1, 0]:91
[19, 13, 10, 7, 6, 4, 0]:71
[19, 13, 10, 8, 3, 2, 0]:88
[19, 16, 15, 13, 11, 10, 9, 5, 0]:84
[19, 13, 10, 8, 4, 3, 0]:92
[19, 17, 16, 13, 12, 11, 9, 5, 4, 3, 0]:97
[19, 13, 10, 8, 5, 3, 0]:82
[19, 16, 15, 13, 11, 10, 9, 5, 4, 1, 0]:92
[19, 18, 15, 14, 11, 10, 9, 7, 6, 4, 3, 2, 0]:102
[19, 13, 10, 8, 5, 4, 3, 2, 0]:97
[19, 13, 10, 8, 6, 1, 0]:91
[19, 16, 15, 13, 11, 10, 9, 5, 4, 3, 0]:98
[19, 17, 16, 13, 12, 11, 9, 6, 0]:97
[19, 13, 10, 8, 6, 3, 2, 1, 0]:98
[19, 16, 15, 13, 11, 10, 9, 6, 3, 2, 0]:89
[19, 13, 10, 8, 6, 5, 4, 3, 0]:103
[19, 13, 10, 8, 7, 4, 3, 1, 0]:96
[19, 16, 15, 13, 11, 10, 9, 6, 4, 1, 0]:99
[19, 13, 10, 8, 7, 5, 4, 3, 0]:99
[19, 13, 10, 8, 7, 6, 0]:85
[19, 17, 16, 13, 12, 11, 9, 6, 2, 1, 0]:98
[19, 16, 15, 13, 11, 10, 9, 6, 4, 3, 2, 1, 0]:93
[19, 13, 10, 8, 7, 6, 3, 2, 0]:97
[19, 13, 10, 8, 7, 6, 5, 1, 0]:103
[19, 16, 15, 13, 11, 10, 9, 6, 5, 1, 0]:92
[19, 13, 10, 8, 7, 6, 5, 2, 0]:86
[19, 16, 15, 13, 11, 10, 9, 7, 4, 2, 0]:95
[19, 13, 10, 8, 7, 6, 5, 4, 3, 1, 0]:104
[19, 13, 10, 9, 0]:71
[19, 17, 16, 13, 12, 11, 9, 6, 4, 3, 0]:99
[19, 13, 10, 9, 3, 1, 0]:86
[19, 16, 15, 13, 11, 10, 9, 7, 5, 3, 0]:98
[19, 13, 10, 9, 6, 3, 0]:83
[19, 18, 15, 14, 11, 10, 9, 7, 6, 5, 2, 1, 0]:99
[19, 13, 10, 9, 6, 4, 0]:97
[19, 16, 15, 13, 11, 10, 9, 7, 6, 1, 0]:98
[19, 13, 10, 9, 6, 5, 3, 1, 0]:101
[19, 13, 10, 9, 7, 5, 3, 2, 0]:100
[19, 17, 16, 13, 12, 11, 9, 6, 5, 1, 0]:95
[19, 16, 15, 13, 11, 10, 9, 7, 6, 2, 0]:98
[19, 13, 10, 9, 7, 6, 3, 1, 0]:100
[19, 13, 10, 9, 7, 6, 3, 2, 0]:92
[19, 16, 15, 13, 11, 10, 9, 7, 6, 4, 3, 2, 0]:98
[19, 13, 10, 9, 7, 6, 4, 1, 0]:98
[19, 13, 10, 9, 7, 6, 5, 2, 0]:101
[19, 17, 16, 13, 12, 11, 9, 6, 5, 2, 0]:96
[19, 16, 15, 13, 11, 10, 9, 7, 6, 5, 2, 1, 0]:97
[19, 13, 10, 9, 7, 6, 5, 3, 0]:93
[19, 13, 10, 9, 7, 6, 5, 3, 2, 1, 0]:105
[19, 16, 15, 13, 11, 10, 9, 7, 6, 5, 3, 1, 0]:98
[19, 13, 10, 9, 7, 6, 5, 4, 3, 2, 0]:99
[19, 13, 10, 9, 8, 3, 2, 1, 0]:102
[19, 16, 15, 13, 11, 10, 9, 7, 6, 5, 4, 2, 0]:94
[19, 13, 10, 9, 8, 4, 3, 2, 0]:103
[19, 17, 16, 13, 12, 11, 9, 6, 5, 3, 2, 1, 0]:97
[19, 16, 15, 13, 11, 10, 9, 8, 0]:69
[19, 13, 10, 9, 8, 5, 2, 1, 0]:99
[19, 18, 15, 14, 11, 10, 9, 7, 6, 5, 4, 2, 0]:95
[19, 16, 15, 13, 11, 10, 9, 8, 4, 1, 0]:53
[19, 13, 10, 9, 8, 6, 2, 1, 0]:94
[19, 13, 10, 9, 8, 6, 3, 1, 0]:95
[19, 16, 15, 13, 11, 10, 9, 8, 5, 2, 0]:92
[19, 13, 10, 9, 8, 6, 4, 2, 0]:96
[19, 17, 16, 13, 12, 11, 9, 6, 5, 4, 0]:88
[19, 16, 15, 13, 11, 10, 9, 8, 5, 4, 2, 1, 0]:79
[19, 13, 10, 9, 8, 6, 5, 3, 0]:104
[19, 13, 10, 9, 8, 6, 5, 4, 0]:106
[19, 16, 15, 13, 11, 10, 9, 8, 6, 4, 0]:86
[19, 13, 10, 9, 8, 6, 5, 4, 3, 1, 0]:104
[19, 13, 10, 9, 8, 7, 0]:89
[19, 16, 15, 13, 11, 10, 9, 8, 6, 5, 2, 1, 0]:100
[19, 13, 10, 9, 8, 7, 4, 1, 0]:95
[19, 17, 16, 13, 12, 11, 9, 6, 5, 4, 2, 1, 0]:87
[19, 13, 10, 9, 8, 7, 5, 2, 0]:103
[19, 16, 15, 13, 11, 10, 9, 8, 6, 5, 3, 2, 0]:96
[19, 13, 10, 9, 8, 7, 6, 3, 2, 1, 0]:100
[19, 13, 10, 9, 8, 7, 6, 4, 2, 1, 0]:99
[19, 16, 15, 13, 11, 10, 9, 8, 6, 5, 4, 3, 2, 1, 0]:93
[19, 13, 10, 9, 8, 7, 6, 5, 0]:100
[19, 17, 16, 13, 12, 11, 9, 7, 3, 1, 0]:85
[19, 18, 15, 14, 11, 10, 9, 7, 6, 5, 4, 3, 0]:99
[19, 13, 10, 9, 8, 7, 6, 5, 3, 1, 0]:101
[19, 16, 15, 13, 11, 10, 9, 8, 7, 3, 2, 1, 0]:77
[19, 13, 10, 9, 8, 7, 6, 5, 4, 1, 0]:99
[19, 16, 15, 13, 11, 10, 9, 8, 7, 4, 3, 2, 0]:102
[19, 13, 10, 9, 8, 7, 6, 5, 4, 3, 2, 1, 0]:96
[19, 13, 11, 3, 0]:75
[19, 17, 16, 13, 12, 11, 9, 7, 3, 2, 0]:96
[19, 13, 11, 4, 2, 1, 0]:92
[19, 16, 15, 13, 11, 10, 9, 8, 7, 5, 3, 1, 0]:93
[19, 13, 11, 5, 3, 1, 0]:85
[19, 13, 11, 5, 3, 2, 0]:85
[19, 16, 15, 13, 11, 10, 9, 8, 7, 5, 3, 2, 0]:96
[19, 13, 11, 5, 4, 3, 0]:94
[19, 13, 11, 5, 4, 3, 2, 1, 0]:96
[19, 17, 16, 13, 12, 11, 9, 7, 6, 2, 0]:83
[19, 16, 15, 13, 11, 10, 9, 8, 7, 6, 3, 1, 0]:98
[19, 13, 11, 6, 4, 2, 0]:85
[19, 13, 11, 6, 5, 1, 0]:89
[19, 13, 11, 6, 5, 3, 0]:90
[19, 16, 15, 13, 11, 10, 9, 8, 7, 6, 4, 1, 0]:91
[19, 13, 11, 6, 5, 4, 0]:93
[19, 13, 11, 7, 2, 1, 0]:88
[19, 16, 15, 13, 11, 10, 9, 8, 7, 6, 5, 2, 0]:97
[19, 13, 11, 7, 4, 2, 0]:84
[19, 18, 15, 14, 11, 10, 9, 8, 4, 3, 2, 1, 0]:89
[19, 13, 11, 7, 5, 4, 3, 2, 0]:96
[19, 17, 16, 13, 12, 11, 9, 7, 6, 5, 4, 1, 0]:103
[19, 16, 15, 13, 12, 3, 0]:93
[19, 13, 11, 7, 6, 3, 2, 1, 0]:97
[19, 13, 11, 7, 6, 4, 2, 1, 0]:94
[19, 16, 15, 13, 12, 4, 3, 1, 0]:100
[19, 13, 11, 8, 0]:77
[19, 13, 11, 8, 3, 1, 0]:86
[19, 16, 15, 13, 12, 5, 3, 1, 0]:94
[19, 13, 11, 8, 4, 3, 2, 1, 0]:97
[19, 17, 16, 13, 12, 11, 9, 8, 4, 3, 0]:106
[19, 13, 11, 8, 5, 2, 0]:79
[19, 16, 15, 13, 12, 5, 3, 2, 0]:100
[19, 13, 11, 8, 5, 3, 2, 1, 0]:90
[19, 13, 11, 8, 6, 2, 0]:92
[19, 16, 15, 13, 12, 5, 4, 3, 2, 1, 0]:100
[19, 13, 11, 8, 6, 4, 3, 1, 0]:95
[19, 16, 15, 13, 12, 6, 0]:95
[19, 13, 11, 8, 6, 5, 2, 1, 0]:102
[19, 17, 16, 13, 12, 11, 9, 8, 5, 1, 0]:99
[19, 13, 11, 8, 7, 1, 0]:88
[19, 18, 15, 14, 11, 10, 9, 8, 5, 3, 0]:100
[19, 16, 15, 13, 12, 6, 2, 1, 0]:99
[19, 13, 11, 8, 7, 5, 3, 2, 0]:90
[19, 13, 11, 8, 7, 6, 4, 1, 0]:97
[19, 16, 15, 13, 12, 6, 4, 2, 0]:96
[19, 13, 11, 8, 7, 6, 4, 3, 0]:95
[19, 16, 15, 13, 12, 6, 5, 3, 2, 1, 0]:87
[19, 13, 11, 8, 7, 6, 5, 1, 0]:101
[19, 13, 11, 8, 7, 6, 5, 4, 3, 2, 0]:102
[19, 16, 15, 13, 12, 6, 5, 4, 0]:99
[19, 17, 16, 13, 12, 11, 9, 8, 5, 3, 2, 1, 0]:100
[19, 13, 11, 9, 0]:78
[19, 13, 11, 9, 4, 1, 0]:96
[19, 16, 15, 13, 12, 7, 4, 3, 0]:99
[19, 13, 11, 9, 5, 1, 0]:91
[19, 13, 11, 9, 6, 4, 3, 2, 0]:94
[19, 16, 15, 13, 12, 7, 5, 4, 3, 1, 0]:102
[19, 13, 11, 9, 6, 5, 0]:92
[19, 13, 11, 9, 6, 5, 3, 1, 0]:92
[19, 17, 16, 13, 12, 11, 9, 8, 5, 4, 0]:101
[19, 16, 15, 13, 12, 7, 6, 1, 0]:97
[19, 13, 11, 9, 6, 5, 3, 2, 0]:94
[19, 13, 11, 9, 7, 5, 0]:87
[19, 16, 15, 13, 12, 7, 6, 3, 0]:95
[19, 18, 15, 14, 11, 10, 9, 8, 6, 4, 3, 2, 0]:98
[19, 13, 11, 9, 7, 6, 5, 4, 0]:102
[19, 18, 17, 14, 13, 10, 9, 7, 6, 5, 4, 1, 0]:97
[19, 13, 11, 9, 7, 6, 5, 4, 3, 1, 0]:95
[19, 16, 15, 13, 12, 7, 6, 5, 3, 2, 0]:86
[19, 13, 11, 9, 8, 4, 3, 1, 0]:97
[19, 13, 11, 9, 8, 5, 0]:92
[19, 17, 16, 13, 12, 11, 9, 8, 5, 4, 3, 1, 0]:84
[19, 16, 15, 13, 12, 8, 3, 1, 0]:92
[19, 13, 11, 9, 8, 5, 4, 3, 2, 1, 0]:100
[19, 16, 15, 13, 12, 8, 4, 3, 0]:98
[19, 13, 11, 9, 8, 6, 0]:98
[19, 13, 11, 9, 8, 6, 3, 1, 0]:89
[19, 16, 15, 13, 12, 8, 5, 1, 0]:98
[19, 13, 11, 9, 8, 6, 3, 2, 0]:102
[19, 17, 16, 13, 12, 11, 9, 8, 6, 2, 0]:95
[19, 13, 11, 9, 8, 6, 4, 1, 0]:99
[19, 16, 15, 13, 12, 8, 5, 3, 2, 1, 0]:102
[19, 13, 11, 9, 8, 6, 5, 4, 2, 1, 0]:110
[19, 16, 15, 13, 12, 8, 6, 2, 0]:102
[19, 13, 11, 9, 8, 7, 5, 1, 0]:93
[19, 13, 11, 9, 8, 7, 5, 4, 2, 1, 0]:105
[19, 16, 15, 13, 12, 8, 6, 4, 3, 2, 0]:102
[19, 13, 11, 9, 8, 7, 5, 4, 3, 2, 0]:104
[19, 17, 16, 13, 12, 11, 9, 8, 6, 3, 2, 1, 0]:87
[19, 16, 15, 13, 12, 8, 6, 5, 0]:100
[19, 13, 11, 9, 8, 7, 6, 3, 0]:92
[19, 18, 15, 14, 11, 10, 9, 8, 6, 5, 3, 2, 0]:103
[19, 13, 11, 9, 8, 7, 6, 4, 0]:97
[19, 16, 15, 13, 12, 8, 7, 3, 2, 1, 0]:94
[19, 13, 11, 9, 8, 7, 6, 4, 3, 2, 0]:101
[19, 16, 15, 13, 12, 8, 7, 5, 4, 1, 0]:90
[19, 13, 11, 9, 8, 7, 6, 5, 4, 3, 0]:105
[19, 13, 11, 9, 8, 7, 6, 5, 4, 3, 2, 1, 0]:104
[19, 17, 16, 13, 12, 11, 9, 8, 6, 5, 4, 2, 0]:100
[19, 16, 15, 13, 12, 8, 7, 6, 0]:101
[19, 13, 11, 10, 3, 2, 0]:95
[19, 13, 11, 10, 4, 3, 2, 1, 0]:93
[19, 13, 11, 10, 6, 2, 0]:94
[19, 16, 15, 13, 12, 8, 7, 6, 3, 2, 0]:98
[19, 13, 11, 10, 6, 3, 2, 1, 0]:99
[19, 16, 15, 13, 12, 8, 7, 6, 4, 2, 0]:100
[19, 13, 11, 10, 6, 4, 2, 1, 0]:95
[19, 17, 16, 13, 12, 11, 9, 8, 7, 3, 0]:98
[19, 13, 11, 10, 6, 5, 0]:94
[19, 13, 11, 10, 7, 4, 2, 1, 0]:95
[19, 16, 15, 13, 12, 8, 7, 6, 5, 4, 2, 1, 0]:104
[19, 13, 11, 10, 7, 4, 3, 2, 0]:94
[19, 16, 15, 13, 12, 9, 0]:86
[19, 18, 15, 14, 11, 10, 9, 8, 6, 5, 4, 1, 0]:96
[19, 13, 11, 10, 7, 5, 3, 1, 0]:94
[19, 13, 11, 10, 7, 5, 3, 2, 0]:101
[19, 16, 15, 13, 12, 9, 3, 1, 0]:99
[19, 13, 11, 10, 7, 6, 0]:86
[19, 13, 11, 10, 7, 6, 5, 2, 0]:96
[19, 17, 16, 13, 12, 11, 9, 8, 7, 5, 4, 3, 2, 1, 0]:93
[19, 16, 15, 13, 12, 9, 4, 2, 0]:101
[19, 13, 11, 10, 8, 1, 0]:95
[19, 13, 11, 10, 8, 3, 0]:79
[19, 16, 15, 13, 12, 9, 5, 4, 2, 1, 0]:100
[19, 13, 11, 10, 8, 3, 2, 1, 0]:94
[19, 13, 11, 10, 8, 4, 3, 2, 0]:100
[19, 16, 15, 13, 12, 9, 6, 5, 4, 2, 0]:99
[19, 13, 11, 10, 8, 6, 0]:100
[19, 16, 15, 13, 12, 9, 6, 5, 4, 3, 0]:99
[19, 17, 16, 13, 12, 11, 9, 8, 7, 6, 2, 1, 0]:95
[19, 13, 11, 10, 8, 6, 2, 1, 0]:103
[19, 13, 11, 10, 8, 6, 4, 1, 0]:106
[19, 16, 15, 13, 12, 9, 6, 5, 4, 3, 2, 1, 0]:102
[19, 13, 11, 10, 8, 6, 5, 1, 0]:99
[19, 13, 11, 10, 8, 7, 4, 3, 2, 1, 0]:95
[19, 16, 15, 13, 12, 9, 7, 4, 2, 1, 0]:103
[19, 18, 15, 14, 11, 10, 9, 8, 7, 6, 2, 1, 0]:93
[19, 13, 11, 10, 8, 7, 5, 2, 0]:94
[19, 13, 11, 10, 8, 7, 6, 3, 0]:92
[19, 16, 15, 13, 12, 9, 7, 5, 2, 1, 0]:109
[19, 17, 16, 13, 12, 11, 9, 8, 7, 6, 4, 3, 2, 1, 0]:98
[19, 13, 11, 10, 8, 7, 6, 4, 3, 1, 0]:101
[19, 13, 11, 10, 9, 2, 0]:91
[19, 16, 15, 13, 12, 9, 7, 6, 3, 1, 0]:96
[19, 13, 11, 10, 9, 4, 0]:95
[19, 13, 11, 10, 9, 4, 2, 1, 0]:97
[19, 16, 15, 13, 12, 9, 7, 6, 4, 1, 0]:102
[19, 13, 11, 10, 9, 5, 0]:90
[19, 13, 11, 10, 9, 6, 2, 1, 0]:101
[19, 17, 16, 13, 12, 11, 9, 8, 7, 6, 5, 2, 0]:99
[19, 16, 15, 13, 12, 9, 7, 6, 5, 2, 0]:106
[19, 13, 11, 10, 9, 6, 4, 3, 0]:90
[19, 13, 11, 10, 9, 6, 5, 3, 2, 1, 0]:100
[19, 16, 15, 13, 12, 9, 8, 3, 2, 1, 0]:91
[19, 13, 11, 10, 9, 7, 5, 1, 0]:101
[19, 13, 11, 10, 9, 7, 5, 3, 0]:97
[19, 16, 15, 13, 12, 9, 8, 5, 2, 1, 0]:106
[19, 13, 11, 10, 9, 7, 5, 4, 2, 1, 0]:104
[19, 18, 15, 14, 11, 10, 9, 8, 7, 6, 4, 2, 0]:87
[19, 17, 16, 13, 12, 11, 9, 8, 7, 6, 5, 4, 0]:94
[19, 13, 11, 10, 9, 7, 6, 3, 2, 1, 0]:99
[19, 16, 15, 13, 12, 9, 8, 5, 4, 1, 0]:93
[19, 13, 11, 10, 9, 7, 6, 4, 2, 1, 0]:104
[19, 16, 15, 13, 12, 9, 8, 5, 4, 2, 0]:93
[19, 13, 11, 10, 9, 7, 6, 4, 3, 1, 0]:99
[19, 13, 11, 10, 9, 7, 6, 4, 3, 2, 0]:99
[19, 17, 16, 13, 12, 11, 10, 1, 0]:104
[19, 16, 15, 13, 12, 9, 8, 6, 2, 1, 0]:100
[19, 13, 11, 10, 9, 7, 6, 5, 0]:99
[19, 13, 11, 10, 9, 8, 2, 1, 0]:97
[19, 16, 15, 13, 12, 9, 8, 6, 4, 3, 2, 1, 0]:96
[19, 13, 11, 10, 9, 8, 5, 2, 0]:97
[19, 13, 11, 10, 9, 8, 6, 1, 0]:93
[19, 17, 16, 13, 12, 11, 10, 4, 3, 1, 0]:108
[19, 16, 15, 13, 12, 9, 8, 6, 5, 3, 2, 1, 0]:95
[19, 13, 11, 10, 9, 8, 6, 3, 0]:92
[19, 13, 11, 10, 9, 8, 6, 4, 3, 1, 0]:103
[19, 16, 15, 13, 12, 9, 8, 7, 4, 3, 2, 1, 0]:96
[19, 13, 11, 10, 9, 8, 6, 5, 4, 3, 0]:102
[19, 17, 16, 13, 12, 11, 10, 5, 0]:96
[19, 13, 11, 10, 9, 8, 7, 2, 0]:94
[19, 16, 15, 13, 12, 9, 8, 7, 5, 2, 0]:99
[19, 13, 11, 10, 9, 8, 7, 5, 4, 2, 0]:105
[19, 18, 15, 14, 11, 10, 9, 8, 7, 6, 5, 4, 3, 1, 0]:85
[19, 13, 11, 10, 9, 8, 7, 5, 4, 3, 2, 1, 0]:103
[19, 16, 15, 13, 12, 9, 8, 7, 5, 4, 3, 1, 0]:104
[19, 13, 11, 10, 9, 8, 7, 6, 4, 3, 0]:95
[19, 17, 16, 13, 12, 11, 10, 5, 3, 2, 0]:101
[19, 13, 11, 10, 9, 8, 7, 6, 4, 3, 2, 1, 0]:100
[19, 16, 15, 13, 12, 9, 8, 7, 6, 3, 2, 1, 0]:93
[19, 13, 11, 10, 9, 8, 7, 6, 5, 4, 2, 1, 0]:105
[19, 18, 15, 14, 12, 1, 0]:89
[19, 16, 15, 13, 12, 9, 8, 7, 6, 5, 4, 1, 0]:103
[19, 13, 11, 10, 9, 8, 7, 6, 5, 4, 3, 2, 0]:103
[19, 13, 12, 3, 0]:82
[19, 17, 16, 13, 12, 11, 10, 5, 4, 2, 0]:93
[19, 13, 12, 4, 2, 1, 0]:98
[19, 16, 15, 13, 12, 9, 8, 7, 6, 5, 4, 3, 0]:95
[19, 13, 12, 4, 3, 1, 0]:93
[19, 13, 12, 5, 0]:70
[19, 16, 15, 13, 12, 10, 3, 2, 0]:93
[19, 13, 12, 5, 3, 2, 0]:98
[19, 13, 12, 6, 4, 3, 0]:90
[19, 16, 15, 13, 12, 10, 5, 3, 2, 1, 0]:96
[19, 13, 12, 6, 4, 3, 2, 1, 0]:102
[19, 17, 16, 13, 12, 11, 10, 6, 3, 1, 0]:98
[19, 13, 12, 6, 5, 2, 0]:92
[19, 13, 12, 6, 5, 3, 0]:90
[19, 16, 15, 13, 12, 10, 5, 4, 3, 1, 0]:102
[19, 18, 15, 14, 12, 4, 3, 2, 0]:90
[19, 13, 12, 6, 5, 4, 2, 1, 0]:93
[19, 13, 12, 7, 4, 2, 0]:97
[19, 16, 15, 13, 12, 10, 6, 4, 0]:95
[19, 13, 12, 7, 5, 3, 2, 1, 0]:87
[19, 13, 12, 7, 5, 4, 0]:83
[19, 16, 15, 13, 12, 10, 6, 5, 4, 1, 0]:105
[19, 17, 16, 13, 12, 11, 10, 6, 5, 3, 2, 1, 0]:101
[19, 13, 12, 7, 5, 4, 2, 1, 0]:86
[19, 13, 12, 7, 6, 1, 0]:61
[19, 13, 12, 7, 6, 4, 0]:83
[19, 16, 15, 13, 12, 10, 7, 1, 0]:96
[19, 13, 12, 7, 6, 5, 2, 1, 0]:86
[19, 13, 12, 7, 6, 5, 3, 1, 0]:96
[19, 16, 15, 13, 12, 10, 7, 3, 2, 1, 0]:99
[19, 13, 12, 8, 4, 2, 0]:91
[19, 17, 16, 13, 12, 11, 10, 7, 2, 1, 0]:93
[19, 18, 15, 14, 12, 5, 3, 1, 0]:94
[19, 13, 12, 8, 4, 3, 2, 1, 0]:97
[19, 16, 15, 13, 12, 10, 7, 5, 3, 1, 0]:100
[19, 18, 17, 14, 13, 10, 9, 8, 5, 3, 0]:104
[19, 13, 12, 8, 5, 2, 0]:96
[19, 13, 12, 8, 6, 4, 2, 1, 0]:94
[19, 16, 15, 13, 12, 10, 7, 5, 4, 3, 2, 1, 0]:98
[19, 13, 12, 8, 6, 4, 3, 2, 0]:99
[19, 16, 15, 13, 12, 10, 7, 6, 3, 1, 0]:92
[19, 17, 16, 13, 12, 11, 10, 7, 3, 1, 0]:105
[19, 13, 12, 8, 6, 5, 3, 1, 0]:91
[19, 13, 12, 8, 6, 5, 3, 2, 0]:96
[19, 13, 12, 8, 7, 4, 0]:88
[19, 16, 15, 13, 12, 10, 7, 6, 5, 4, 3, 2, 0]:95
[19, 13, 12, 8, 7, 5, 2, 1, 0]:87
[19, 13, 12, 8, 7, 5, 4, 2, 0]:97
[19, 18, 15, 14, 12, 5, 4, 2, 0]:96
[19, 16, 15, 13, 12, 10, 8, 2, 0]:99
[19, 13, 12, 8, 7, 6, 3, 1, 0]:92
[19, 17, 16, 13, 12, 11, 10, 7, 4, 3, 0]:102
[19, 16, 15, 13, 12, 10, 8, 5, 3, 2, 0]:91
[19, 13, 12, 8, 7, 6, 4, 3, 2, 1, 0]:101
[19, 13, 12, 8, 7, 6, 5, 3, 0]:99
[19, 13, 12, 8, 7, 6, 5, 4, 0]:98
[19, 16, 15, 13, 12, 10, 8, 6, 4, 1, 0]:101
[19, 17, 16, 13, 12, 11, 10, 7, 5, 2, 0]:83
[19, 13, 12, 8, 7, 6, 5, 4, 3, 2, 0]:99
[19, 13, 12, 9, 6, 1, 0]:91
[19, 16, 15, 13, 12, 10, 8, 6, 5, 2, 0]:94
[19, 13, 12, 9, 6, 5, 4, 1, 0]:94
[19, 16, 15, 13, 12, 10, 8, 6, 5, 3, 0]:83
[19, 13, 12, 9, 7, 4, 3, 1, 0]:93
[19, 13, 12, 9, 7, 6, 5, 2, 0]:95
[19, 18, 15, 14, 12, 6, 2, 1, 0]:101
[19, 16, 15, 13, 12, 10, 8, 6, 5, 4, 3, 1, 0]:91
[19, 13, 12, 9, 7, 6, 5, 4, 2, 1, 0]:102
[19, 17, 16, 13, 12, 11, 10, 7, 5, 3, 2, 1, 0]:101
[19, 13, 12, 9, 8, 3, 0]:93
[19, 13, 12, 9, 8, 5, 0]:94
[19, 16, 15, 13, 12, 10, 8, 7, 2, 1, 0]:93
[19, 13, 12, 9, 8, 5, 3, 2, 0]:99
[19, 13, 12, 9, 8, 6, 0]:94
[19, 16, 15, 13, 12, 10, 8, 7, 4, 3, 0]:97
[19, 13, 12, 9, 8, 6, 2, 1, 0]:95
[19, 17, 16, 13, 12, 11, 10, 7, 6, 4, 0]:99
[19, 13, 12, 9, 8, 6, 4, 2, 0]:100
[19, 16, 15, 13, 12, 10, 8, 7, 5, 1, 0]:98
[19, 13, 12, 9, 8, 6, 4, 3, 2, 1, 0]:101
[19, 18, 15, 14, 12, 6, 3, 2, 0]:99
[19, 16, 15, 13, 12, 10, 8, 7, 5, 3, 0]:95
[19, 13, 12, 9, 8, 6, 5, 3, 0]:97
[19, 13, 12, 9, 8, 6, 5, 4, 0]:98
[19, 16, 15, 13, 12, 10, 8, 7, 5, 4, 3, 1, 0]:98
[19, 13, 12, 9, 8, 7, 4, 2, 0]:100
[19, 17, 16, 13, 12, 11, 10, 7, 6, 5, 2, 1, 0]:95
[19, 13, 12, 9, 8, 7, 5, 4, 0]:90
[19, 16, 15, 13, 12, 10, 8, 7, 6, 4, 0]:100
[19, 13, 12, 9, 8, 7, 5, 4, 3, 2, 0]:101
[19, 13, 12, 9, 8, 7, 6, 1, 0]:94
[19, 16, 15, 13, 12, 10, 8, 7, 6, 4, 3, 2, 0]:90
[19, 13, 12, 9, 8, 7, 6, 2, 0]:99
[19, 13, 12, 9, 8, 7, 6, 4, 2, 1, 0]:102
[19, 13, 12, 9, 8, 7, 6, 5, 2, 1, 0]:89
[19, 16, 15, 13, 12, 10, 8, 7, 6, 5, 4, 2, 0]:98
[19, 17, 16, 13, 12, 11, 10, 7, 6, 5, 3, 1, 0]:94
[19, 13, 12, 9, 8, 7, 6, 5, 4, 3, 0]:95
[19, 18, 15, 14, 12, 6, 5, 3, 2, 1, 0]:92
[19, 16, 15, 13, 12, 10, 9, 1, 0]:95
[19, 13, 12, 10, 2, 1, 0]:82
[19, 13, 12, 10, 3, 1, 0]:95
[19, 13, 12, 10, 7, 1, 0]:86
[19, 16, 15, 13, 12, 10, 9, 3, 0]:81
[19, 13, 12, 10, 7, 2, 0]:82
[19, 13, 12, 10, 7, 4, 2, 1, 0]:92
[19, 17, 16, 13, 12, 11, 10, 7, 6, 5, 3, 2, 0]:99
[19, 16, 15, 13, 12, 10, 9, 4, 2, 1, 0]:102
[19, 13, 12, 10, 7, 5, 3, 2, 0]:98
[19, 13, 12, 10, 7, 5, 4, 2, 0]:89
[19, 16, 15, 13, 12, 10, 9, 5, 3, 2, 0]:93
[19, 13, 12, 10, 7, 5, 4, 3, 2, 1, 0]:86
[19, 18, 15, 14, 12, 7, 0]:98
[19, 13, 12, 10, 7, 6, 3, 1, 0]:91
[19, 16, 15, 13, 12, 10, 9, 5, 4, 1, 0]:99
[19, 13, 12, 10, 7, 6, 3, 2, 0]:92
[19, 13, 12, 10, 7, 6, 5, 3, 0]:81
[19, 17, 16, 13, 12, 11, 10, 7, 6, 5, 4, 2, 0]:98
[19, 16, 15, 13, 12, 10, 9, 6, 3, 2, 0]:99
[19, 13, 12, 10, 7, 6, 5, 3, 2, 1, 0]:102
[19, 13, 12, 10, 7, 6, 5, 4, 2, 1, 0]:102
[19, 16, 15, 13, 12, 10, 9, 6, 4, 3, 0]:85
[19, 13, 12, 10, 8, 5, 2, 1, 0]:99
[19, 13, 12, 10, 8, 5, 4, 1, 0]:98
