[571, 353, 218, 135, 0]:1711
[571, 481, 436, 45, 0]:2176
[571, 416, 357, 59, 0]:2480
[571, 198, 127, 71, 0]:2032
[571, 334, 289, 45, 0]:2107
[571, 406, 291, 115, 0]:2250
[571, 348, 297, 51, 0]:2175
[571, 184, 147, 37, 0]:1968
[571, 360, 337, 23, 0]:2239
[571, 484, 367, 117, 0]:2704
[571, 450, 271, 179, 0]:2567
[571, 422, 327, 95, 0]:2444
[571, 376, 366, 10, 0]:2266
[571, 498, 415, 83, 0]:2874
[571, 220, 145, 75, 0]:2072
[571, 352, 311, 41, 0]:2193
[571, 464, 311, 153, 0]:2376
[571, 512, 305, 207, 0]:2358
[571, 488, 261, 227, 0]:2374
[571, 561, 306, 255, 0]:3606
[571, 505, 363, 142, 0]:2610
[571, 496, 285, 211, 0]:2281
[571, 246, 236, 10, 0]:1973
[571, 354, 215, 139, 0]:2414
[571, 562, 287, 275, 0]:2406
[571, 448, 357, 91, 0]:2477
