[571, 353, 218, 135, 0]:1711
[571, 134, 71, 63, 0]:1912
[571, 246, 236, 10, 0]:1973
[571, 374, 189, 185, 0]:2449
[571, 402, 257, 145, 0]:2280
[571, 136, 107, 29, 0]:1945
[571, 380, 317, 63, 0]:1960
[571, 389, 207, 182, 0]:1685
[571, 416, 357, 59, 0]:2480
[571, 310, 174, 136, 0]:2276
[571, 434, 239, 195, 0]:2329
[571, 388, 359, 29, 0]:2336
[571, 131, 110, 21, 0]:1880
[571, 444, 345, 99, 0]:2452
[571, 406, 291, 115, 0]:2250
[571, 130, 121, 9, 0]:1855
[571, 490, 277, 213, 0]:2297
[571, 514, 309, 205, 0]:2373
[571, 370, 265, 105, 0]:2280
[571, 330, 309, 21, 0]:2128
[571, 516, 345, 171, 0]:2572
[571, 384, 351, 33, 0]:2309
[571, 464, 407, 57, 0]:2669
[571, 376, 261, 115, 0]:2280
[571, 484, 279, 205, 0]:2293
[571, 310, 215, 95, 0]:2231
[571, 486, 317, 169, 0]:2405
[571, 376, 205, 171, 0]:2407
[571, 368, 275, 93, 0]:2262
[571, 448, 357, 91, 0]:2477
[571, 445, 431, 14, 0]:2705
[571, 490, 367, 123, 0]:2606
[571, 53, 30, 23, 0]:1790
[571, 340, 181, 159, 0]:2357
[571, 396, 345, 51, 0]:2387
[571, 214, 133, 81, 0]:2054
[571, 490, 451, 39, 0]:3105
[571, 458, 347, 111, 0]:2449
[571, 486, 287, 199, 0]:2286
[571, 408, 381, 27, 0]:2416
[571, 414, 263, 151, 0]:2280
[571, 510, 411, 99, 0]:2944
[571, 151, 121, 30, 0]:1918
[571, 184, 147, 37, 0]:1968
[571, 406, 351, 55, 0]:2224
[571, 240, 195, 45, 0]:2037
[571, 422, 327, 95, 0]:2444
[571, 421, 225, 196, 0]:2295
[571, 402, 217, 185, 0]:2400
[571, 505, 429, 76, 0]:3126
[571, 458, 233, 225, 0]:2437
[571, 190, 137, 53, 0]:2107
[571, 388, 231, 157, 0]:2315
[571, 488, 485, 3, 0]:3510
[571, 348, 177, 171, 0]:2361
[571, 466, 377, 89, 0]:2761
[571, 426, 223, 203, 0]:2402
[571, 497, 386, 111, 0]:2628
[571, 240, 207, 33, 0]:2013
[571, 302, 191, 111, 0]:2263
[571, 112, 106, 6, 0]:1831
[571, 120, 99, 21, 0]:1869
[571, 124, 117, 7, 0]:1845
[571, 234, 193, 41, 0]:2023
[571, 391, 301, 90, 0]:1889
[571, 304, 259, 45, 0]:2101
[571, 352, 311, 41, 0]:2193
[571, 352, 317, 35, 0]:2193
[571, 348, 315, 33, 0]:2181
[571, 438, 266, 172, 0]:2203
[571, 465, 359, 106, 0]:1604
[571, 418, 259, 159, 0]:2280
[571, 416, 317, 99, 0]:2374
[571, 414, 241, 173, 0]:2301
[571, 156, 119, 37, 0]:2011
[571, 450, 271, 179, 0]:2567
[571, 198, 151, 47, 0]:2083
[571, 354, 215, 139, 0]:2414
[571, 458, 285, 173, 0]:2281
[571, 454, 327, 127, 0]:2372
[571, 216, 187, 29, 0]:1981
[571, 424, 237, 187, 0]:2327
[571, 52, 47, 5, 0]:1769
[571, 466, 319, 147, 0]:2388
[571, 414, 393, 21, 0]:2441
[571, 450, 375, 75, 0]:2527
[571, 420, 379, 41, 0]:2501
[571, 244, 147, 97, 0]:2098
[571, 480, 263, 217, 0]:2370
[571, 430, 335, 95, 0]:2468
[571, 416, 269, 147, 0]:2280
[571, 160, 91, 69, 0]:1958
[571, 248, 219, 29, 0]:2013
[571, 78, 57, 21, 0]:1898
[571, 192, 157, 35, 0]:1969
[571, 88, 74, 14, 0]:1823
[571, 336, 209, 127, 0]:2378
[571, 414, 211, 203, 0]:2437
[571, 457, 451, 6, 0]:2958
[571, 334, 289, 45, 0]:2107
[571, 376, 366, 10, 0]:2266
[571, 470, 395, 75, 0]:2738
[571, 222, 145, 77, 0]:2074
[571, 360, 275, 85, 0]:2238
[571, 464, 273, 191, 0]:2306
[571, 481, 436, 45, 0]:2176
[571, 468, 265, 203, 0]:2358
[571, 498, 415, 83, 0]:2874
[571, 509, 341, 168, 0]:2544
[571, 100, 63, 37, 0]:1870
[571, 338, 333, 5, 0]:2161
[571, 464, 311, 153, 0]:2376
[571, 456, 441, 15, 0]:2835
[571, 424, 389, 35, 0]:2514
[571, 244, 225, 19, 0]:1989
[571, 480, 307, 173, 0]:2365
[571, 478, 421, 57, 0]:2785
[571, 205, 159, 46, 0]:2075
[571, 298, 292, 6, 0]:2032
[571, 70, 45, 25, 0]:1822
[571, 348, 297, 51, 0]:2175
[571, 500, 407, 93, 0]:2814
[571, 258, 231, 27, 0]:2019
[571, 512, 305, 207, 0]:2358
[571, 30, 19, 11, 0]:1756
[571, 486, 433, 53, 0]:2914
[571, 466, 431, 35, 0]:2534
[571, 360, 337, 23, 0]:2239
[571, 188, 125, 63, 0]:2020
[571, 513, 389, 124, 0]:2783
[571, 516, 269, 247, 0]:2399
[571, 512, 411, 101, 0]:2954
[571, 450, 387, 63, 0]:2546
[571, 220, 145, 75, 0]:2072
[571, 514, 443, 71, 0]:3198
[571, 306, 163, 143, 0]:2235
[571, 496, 477, 19, 0]:3451
[571, 523, 429, 94, 0]:3138
[571, 288, 161, 127, 0]:2168
[571, 478, 355, 123, 0]:2658
[571, 498, 331, 167, 0]:2479
[571, 526, 443, 83, 0]:3686
[571, 392, 381, 11, 0]:2336
[571, 534, 441, 93, 0]:3284
[571, 190, 99, 91, 0]:1996
[571, 532, 311, 221, 0]:2404
[571, 384, 195, 189, 0]:2455
[571, 354, 219, 135, 0]:2329
[571, 154, 83, 71, 0]:1944
[571, 538, 453, 85, 0]:3755
[571, 428, 231, 197, 0]:2355
[571, 546, 343, 203, 0]:2577
[571, 460, 457, 3, 0]:3022
[571, 540, 297, 243, 0]:2380
[571, 416, 251, 165, 0]:2280
[571, 256, 151, 105, 0]:2115
[571, 558, 285, 273, 0]:3315
[571, 493, 273, 220, 0]:2305
[571, 552, 385, 167, 0]:2991
[571, 484, 335, 149, 0]:2484
[571, 546, 459, 87, 0]:3576
[571, 484, 367, 117, 0]:2704
[571, 550, 289, 261, 0]:2386
[571, 488, 261, 227, 0]:2374
[571, 292, 201, 91, 0]:2193
[571, 554, 431, 123, 0]:3168
[571, 304, 199, 105, 0]:2257
[571, 556, 295, 261, 0]:2411
[571, 331, 325, 6, 0]:2142
[571, 380, 215, 165, 0]:2371
[571, 266, 251, 15, 0]:2003
[571, 294, 165, 129, 0]:2212
[571, 306, 187, 119, 0]:2280
[571, 74, 65, 9, 0]:1799
[571, 235, 202, 33, 0]:2008
[571, 348, 231, 117, 0]:2280
[571, 366, 331, 35, 0]:2236
[571, 48, 27, 21, 0]:1782
[571, 534, 395, 139, 0]:3013
[571, 518, 461, 57, 0]:3560
[571, 448, 307, 141, 0]:2340
[571, 525, 501, 24, 0]:4406
[571, 549, 451, 98, 0]:3520
[571, 198, 127, 71, 0]:2032
[571, 428, 251, 177, 0]:2280
[571, 216, 197, 19, 0]:1961
[571, 420, 399, 21, 0]:2494
[571, 301, 295, 6, 0]:2042
[571, 246, 161, 85, 0]:2114
[571, 532, 441, 91, 0]:3859
[571, 526, 493, 33, 0]:4234
[571, 560, 377, 183, 0]:2257
[571, 513, 319, 194, 0]:2413
[571, 120, 83, 37, 0]:1949
[571, 330, 237, 93, 0]:2261
[571, 298, 247, 51, 0]:2107
[571, 195, 181, 14, 0]:1904
[571, 422, 291, 131, 0]:2282
[571, 496, 285, 211, 0]:2281
[571, 526, 507, 19, 0]:4691
[571, 538, 489, 49, 0]:4179
[571, 532, 517, 15, 0]:4843
[571, 436, 341, 95, 0]:2468
[571, 452, 375, 77, 0]:2525
[571, 86, 71, 15, 0]:1823
[571, 316, 241, 75, 0]:2187
[571, 295, 249, 46, 0]:2094
[571, 516, 259, 257, 0]:2432
[571, 277, 275, 2, 0]:1988
