[163, 71, 50, 12, 0]:677
[163, 121, 36, 18, 0]:581
[163, 105, 91, 8, 0]:762
[163, 134, 105, 37, 0]:619
[163, 111, 22, 13, 0]:651
[163, 109, 103, 57, 0]:790
[163, 123, 26, 17, 0]:681
[163, 134, 123, 83, 0]:832
[163, 114, 77, 10, 0]:717
[163, 57, 46, 12, 0]:683
[163, 124, 123, 34, 0]:926
[163, 146, 125, 39, 0]:1038
[163, 140, 115, 65, 0]:971
[163, 140, 121, 50, 0]:1062
[163, 82, 75, 49, 0]:730
[163, 151, 42, 23, 0]:854
[163, 118, 99, 10, 0]:785
[163, 153, 57, 24, 0]:904
[163, 98, 57, 52, 0]:704
[163, 50, 45, 13, 0]:688
[163, 135, 34, 15, 0]:653
[163, 154, 75, 37, 0]:878
[163, 86, 61, 17, 0]:684
[163, 80, 59, 42, 0]:708
[163, 157, 108, 11, 0]:1267
[163, 66, 48, 40, 0]:700
[163, 145, 70, 9, 0]:714
[163, 155, 41, 16, 0]:671
[163, 111, 4, 1, 0]:652
[163, 150, 132, 51, 0]:1211
[163, 135, 82, 54, 0]:567
[163, 139, 108, 53, 0]:729
[163, 162, 49, 14, 0]:1085
[163, 103, 93, 52, 0]:752
[163, 73, 72, 28, 0]:719
[163, 76, 26, 24, 0]:671
[163, 125, 112, 24, 0]:825
[163, 121, 110, 24, 0]:806
[163, 143, 94, 29, 0]:842
[163, 81, 50, 29, 0]:673
[163, 143, 128, 61, 0]:1048
[163, 153, 58, 5, 0]:914
[163, 86, 28, 11, 0]:648
[163, 76, 54, 44, 0]:711
[163, 148, 90, 59, 0]:908
[163, 74, 17, 3, 0]:648
[163, 154, 125, 86, 0]:1133
[163, 118, 111, 22, 0]:810
[163, 156, 135, 121, 0]:991
[163, 58, 39, 35, 0]:693
[163, 95, 94, 75, 0]:818
[163, 144, 59, 5, 0]:703
[163, 112, 103, 49, 0]:805
[163, 137, 91, 38, 0]:749
[163, 114, 100, 2, 0]:719
[163, 118, 99, 58, 0]:761
[163, 104, 70, 11, 0]:580
[163, 106, 54, 34, 0]:662
[163, 98, 74, 10, 0]:706
[163, 71, 68, 49, 0]:738
[163, 96, 63, 49, 0]:697
[163, 116, 95, 85, 0]:815
[163, 66, 20, 1, 0]:648
[163, 86, 28, 18, 0]:655
[163, 127, 99, 22, 0]:774
[163, 105, 103, 96, 0]:874
[163, 83, 70, 53, 0]:726
[163, 124, 113, 8, 0]:843
[163, 112, 53, 48, 0]:691
[163, 86, 50, 21, 0]:661
[163, 141, 128, 107, 0]:1121
[163, 81, 24, 13, 0]:649
[163, 108, 89, 38, 0]:761
[163, 133, 54, 16, 0]:671
[163, 157, 90, 36, 0]:951
[163, 127, 122, 26, 0]:1019
[163, 150, 141, 117, 0]:1592
[163, 138, 49, 21, 0]:671
[163, 125, 73, 36, 0]:702
[163, 155, 84, 14, 0]:845
[163, 73, 72, 32, 0]:719
[163, 158, 124, 71, 0]:1403
[163, 83, 31, 2, 0]:648
[163, 142, 60, 7, 0]:697
[163, 92, 59, 42, 0]:689
[163, 85, 84, 44, 0]:736
[163, 126, 50, 19, 0]:660
[163, 100, 89, 24, 0]:748
[163, 140, 49, 42, 0]:689
[163, 109, 90, 82, 0]:764
[163, 51, 47, 10, 0]:691
[163, 150, 110, 13, 0]:810
[163, 99, 94, 47, 0]:711
[163, 51, 49, 26, 0]:694
[163, 113, 26, 12, 0]:648
[163, 130, 119, 83, 0]:971
[163, 121, 47, 27, 0]:658
[163, 134, 45, 19, 0]:663
[163, 63, 61, 54, 0]:750
[163, 138, 119, 98, 0]:997
[163, 94, 55, 21, 0]:663
[163, 25, 18, 1, 0]:659
[163, 64, 49, 30, 0]:695
[163, 89, 45, 37, 0]:655
[163, 150, 122, 79, 0]:1121
[163, 138, 62, 22, 0]:684
[163, 146, 127, 96, 0]:1089
[163, 134, 70, 9, 0]:719
[163, 78, 75, 49, 0]:738
[163, 128, 112, 81, 0]:851
[163, 156, 69, 3, 0]:979
[163, 133, 111, 74, 0]:886
[163, 156, 62, 26, 0]:735
[163, 107, 30, 23, 0]:663
[163, 78, 58, 27, 0]:685
[163, 121, 72, 51, 0]:728
[163, 117, 99, 42, 0]:773
[163, 130, 78, 27, 0]:717
[163, 117, 83, 38, 0]:734
[163, 124, 86, 26, 0]:741
[163, 154, 51, 26, 0]:701
[163, 57, 40, 27, 0]:674
[163, 139, 114, 87, 0]:933
[163, 137, 87, 41, 0]:744
[163, 58, 12, 5, 0]:648
[163, 107, 41, 12, 0]:648
[163, 150, 56, 55, 0]:747
[163, 152, 113, 85, 0]:967
[163, 135, 88, 81, 0]:808
[163, 128, 119, 73, 0]:910
[163, 65, 63, 14, 0]:663
[163, 149, 55, 29, 0]:690
[163, 121, 86, 77, 0]:698
[163, 114, 19, 14, 0]:656
[163, 152, 117, 29, 0]:1215
[163, 140, 109, 77, 0]:870
[163, 145, 122, 95, 0]:1008
[163, 134, 119, 19, 0]:895
[163, 137, 91, 23, 0]:756
[163, 149, 126, 100, 0]:1187
[163, 136, 107, 81, 0]:943
[163, 65, 55, 6, 0]:658
[163, 137, 115, 99, 0]:987
[163, 153, 144, 73, 0]:1637
[163, 64, 33, 6, 0]:649
[163, 120, 68, 1, 0]:688
[163, 106, 50, 14, 0]:648
[163, 121, 50, 11, 0]:655
[163, 133, 92, 66, 0]:774
[163, 133, 92, 45, 0]:759
[163, 137, 126, 101, 0]:1004
[163, 160, 85, 58, 0]:1071
[163, 134, 59, 48, 0]:713
[163, 149, 79, 8, 0]:831
[163, 145, 85, 10, 0]:754
[163, 149, 74, 24, 0]:729
[163, 142, 127, 93, 0]:1067
[163, 147, 137, 7, 0]:1262
[163, 133, 44, 20, 0]:661
[163, 32, 27, 13, 0]:669
[163, 162, 79, 74, 0]:1060
[163, 135, 111, 78, 0]:872
[163, 159, 106, 88, 0]:1227
[163, 102, 17, 13, 0]:656
[163, 125, 116, 64, 0]:880
[163, 158, 39, 28, 0]:882
[163, 140, 105, 49, 0]:832
[163, 130, 62, 24, 0]:676
[163, 145, 63, 5, 0]:714
[163, 139, 35, 2, 0]:658
[163, 152, 131, 61, 0]:1170
[163, 119, 69, 17, 0]:690
[163, 146, 141, 83, 0]:1360
[163, 75, 66, 52, 0]:732
[163, 138, 111, 60, 0]:894
[163, 140, 118, 27, 0]:921
[163, 154, 39, 10, 0]:888
[163, 162, 58, 49, 0]:1065
[163, 135, 50, 29, 0]:738
[163, 146, 36, 25, 0]:745
[163, 147, 112, 77, 0]:1038
[163, 149, 146, 138, 0]:1983
[163, 58, 37, 18, 0]:663
[163, 93, 78, 70, 0]:676
[163, 106, 101, 26, 0]:793
[163, 150, 99, 88, 0]:986
[163, 145, 99, 49, 0]:806
[163, 146, 37, 27, 0]:867
[163, 160, 69, 2, 0]:1076
[163, 93, 59, 32, 0]:676
[163, 152, 101, 78, 0]:844
[163, 147, 34, 3, 0]:786
[163, 128, 48, 1, 0]:660
[163, 134, 61, 11, 0]:679
[163, 137, 54, 8, 0]:675
[163, 141, 101, 94, 0]:886
[163, 133, 126, 78, 0]:987
[163, 156, 116, 17, 0]:1396
[163, 98, 77, 70, 0]:779
[163, 148, 32, 29, 0]:784
[163, 99, 67, 22, 0]:684
[163, 141, 34, 23, 0]:670
[163, 157, 47, 15, 0]:843
[163, 70, 53, 18, 0]:701
[163, 160, 132, 1, 0]:2134
[163, 129, 94, 22, 0]:767
[163, 154, 54, 51, 0]:835
[163, 161, 104, 19, 0]:1468
[163, 85, 82, 36, 0]:730
[163, 140, 69, 37, 0]:757
[163, 102, 55, 27, 0]:655
[163, 147, 138, 103, 0]:1402
[163, 128, 105, 101, 0]:935
[163, 72, 62, 26, 0]:710
[163, 141, 83, 5, 0]:743
[163, 139, 82, 27, 0]:729
[163, 138, 40, 5, 0]:662
[163, 87, 73, 22, 0]:707
[163, 133, 132, 5, 0]:1058
[163, 162, 55, 33, 0]:1075
[163, 132, 54, 9, 0]:670
[163, 155, 38, 7, 0]:692
[163, 154, 33, 2, 0]:839
[163, 160, 93, 12, 0]:1041
[163, 154, 76, 61, 0]:1046
[163, 128, 79, 5, 0]:717
[163, 105, 77, 32, 0]:714
[163, 127, 94, 48, 0]:765
[163, 111, 58, 20, 0]:657
[163, 55, 28, 10, 0]:648
[163, 141, 129, 115, 0]:1270
[163, 121, 48, 22, 0]:653
[163, 137, 101, 7, 0]:877
[163, 158, 30, 7, 0]:892
[163, 161, 89, 64, 0]:1160
[163, 136, 126, 73, 0]:959
[163, 149, 63, 20, 0]:722
[163, 145, 45, 1, 0]:790
[163, 142, 105, 91, 0]:936
[163, 139, 42, 34, 0]:690
[163, 160, 57, 27, 0]:926
[163, 140, 108, 97, 0]:946
[163, 130, 15, 13, 0]:658
[163, 156, 130, 79, 0]:1365
[163, 129, 83, 7, 0]:734
[163, 138, 127, 122, 0]:1164
[163, 137, 119, 108, 0]:1089
[163, 120, 74, 31, 0]:575
[163, 144, 106, 51, 0]:801
[163, 139, 100, 69, 0]:803
[163, 111, 97, 72, 0]:795
[163, 149, 119, 61, 0]:913
[163, 70, 3, 2, 0]:648
[163, 147, 89, 22, 0]:969
[163, 150, 84, 45, 0]:785
[163, 144, 56, 34, 0]:806
[163, 128, 125, 49, 0]:860
[163, 129, 86, 5, 0]:754
[163, 77, 32, 16, 0]:594
[163, 122, 61, 8, 0]:619
[163, 148, 110, 89, 0]:938
[163, 141, 63, 16, 0]:690
[163, 140, 133, 95, 0]:1098
[163, 106, 65, 14, 0]:678
[163, 93, 82, 75, 0]:801
[163, 97, 78, 9, 0]:718
[163, 155, 52, 14, 0]:713
[163, 93, 58, 39, 0]:692
[163, 73, 63, 17, 0]:705
[163, 55, 44, 38, 0]:705
[163, 150, 44, 26, 0]:674
[163, 90, 56, 52, 0]:712
[163, 138, 47, 2, 0]:669
[163, 78, 63, 49, 0]:715
[163, 134, 57, 25, 0]:675
[163, 147, 30, 22, 0]:674
[163, 129, 89, 44, 0]:750
[163, 141, 20, 11, 0]:749
[163, 150, 135, 27, 0]:1208
[163, 148, 93, 6, 0]:790
[163, 138, 75, 36, 0]:770
[163, 150, 85, 17, 0]:832
[163, 137, 130, 33, 0]:910
[163, 146, 117, 32, 0]:984
[163, 140, 53, 21, 0]:677
[163, 58, 42, 13, 0]:689
[163, 114, 56, 29, 0]:654
[163, 103, 87, 6, 0]:750
[163, 133, 42, 2, 0]:659
[163, 111, 25, 12, 0]:648
[163, 153, 138, 106, 0]:1458
[163, 102, 57, 55, 0]:709
[163, 162, 45, 42, 0]:912
[163, 141, 43, 2, 0]:668
[163, 134, 58, 23, 0]:677
[163, 145, 123, 85, 0]:1013
[163, 133, 132, 88, 0]:1027
[163, 138, 127, 98, 0]:1064
[163, 145, 128, 3, 0]:1269
[163, 153, 40, 18, 0]:748
[163, 154, 138, 89, 0]:1470
[163, 146, 145, 78, 0]:1312
[163, 139, 42, 25, 0]:739
[163, 75, 42, 36, 0]:683
[163, 60, 59, 1, 0]:545
[163, 95, 50, 34, 0]:663
[163, 129, 40, 10, 0]:653
[163, 75, 62, 35, 0]:696
[163, 84, 76, 61, 0]:752
[163, 113, 107, 60, 0]:813
[163, 114, 98, 80, 0]:755
[163, 147, 82, 71, 0]:783
[163, 97, 20, 18, 0]:663
[163, 119, 75, 58, 0]:604
[163, 96, 89, 4, 0]:753
[163, 151, 97, 22, 0]:922
[163, 135, 85, 30, 0]:738
[163, 121, 101, 74, 0]:826
[163, 63, 46, 28, 0]:676
[163, 106, 54, 28, 0]:650
[163, 120, 17, 11, 0]:674
[163, 110, 101, 100, 0]:894
[163, 42, 34, 10, 0]:674
[163, 145, 72, 66, 0]:803
[163, 154, 55, 39, 0]:914
[163, 138, 135, 49, 0]:1073
[163, 153, 120, 66, 0]:1098
[163, 144, 44, 29, 0]:685
[163, 146, 115, 54, 0]:1070
[163, 151, 34, 21, 0]:796
[163, 148, 127, 57, 0]:1088
[163, 91, 83, 2, 0]:734
[163, 130, 105, 76, 0]:827
[163, 58, 49, 43, 0]:717
[163, 108, 13, 9, 0]:652
[163, 133, 106, 73, 0]:775
[163, 146, 110, 67, 0]:870
[163, 105, 38, 22, 0]:653
[163, 134, 50, 22, 0]:668
[163, 134, 127, 95, 0]:1007
[163, 102, 32, 11, 0]:648
[163, 137, 59, 10, 0]:741
[163, 118, 99, 80, 0]:788
[163, 161, 93, 8, 0]:970
[163, 124, 66, 8, 0]:643
[163, 130, 94, 19, 0]:767
[163, 145, 64, 52, 0]:732
[163, 116, 70, 24, 0]:646
[163, 133, 126, 60, 0]:865
[163, 155, 57, 14, 0]:991
[163, 112, 96, 13, 0]:785
[163, 128, 125, 64, 0]:947
[163, 116, 97, 35, 0]:776
[163, 132, 43, 2, 0]:659
[163, 65, 51, 8, 0]:685
[163, 108, 56, 29, 0]:652
[163, 161, 73, 60, 0]:1092
[163, 48, 23, 1, 0]:648
[163, 121, 106, 48, 0]:800
[163, 109, 45, 12, 0]:648
[163, 109, 90, 10, 0]:761
[163, 153, 89, 25, 0]:755
[163, 162, 74, 13, 0]:1204
[163, 161, 92, 28, 0]:1232
[163, 147, 118, 82, 0]:951
[163, 161, 75, 13, 0]:1104
[163, 115, 63, 10, 0]:672
[163, 158, 71, 3, 0]:956
[163, 114, 88, 9, 0]:749
[163, 145, 131, 21, 0]:1150
[163, 93, 22, 1, 0]:668
[163, 114, 79, 74, 0]:750
[163, 129, 95, 82, 0]:661
[163, 162, 95, 88, 0]:1283
[163, 145, 111, 90, 0]:1034
[163, 144, 37, 30, 0]:867
[163, 159, 123, 78, 0]:1327
[163, 138, 34, 1, 0]:656
[163, 148, 50, 14, 0]:807
[163, 150, 40, 17, 0]:674
[163, 149, 46, 21, 0]:679
[163, 75, 50, 49, 0]:718
[163, 124, 69, 28, 0]:690
[163, 137, 60, 22, 0]:681
[163, 136, 36, 14, 0]:721
[163, 142, 52, 27, 0]:787
[163, 145, 102, 76, 0]:828
[163, 154, 108, 86, 0]:1107
[163, 155, 58, 18, 0]:807
[163, 117, 73, 30, 0]:702
[163, 157, 74, 35, 0]:888
[163, 78, 34, 5, 0]:648
[163, 70, 48, 46, 0]:714
[163, 126, 56, 43, 0]:695
[163, 159, 64, 13, 0]:1008
[163, 153, 105, 87, 0]:1039
[163, 146, 122, 82, 0]:919
[163, 135, 93, 36, 0]:833
[163, 137, 48, 10, 0]:669
[163, 141, 133, 75, 0]:1009
[163, 153, 151, 14, 0]:1755
[163, 129, 75, 52, 0]:736
[163, 75, 38, 20, 0]:649
[163, 161, 81, 7, 0]:1094
[163, 145, 142, 114, 0]:1393
[163, 151, 138, 99, 0]:1434
[163, 153, 129, 106, 0]:1509
[163, 159, 55, 14, 0]:917
[163, 141, 46, 6, 0]:671
[163, 153, 78, 18, 0]:865
[163, 108, 57, 48, 0]:692
[163, 123, 94, 78, 0]:832
[163, 149, 103, 69, 0]:889
[163, 142, 123, 81, 0]:831
[163, 126, 30, 1, 0]:648
[163, 93, 85, 44, 0]:734
[163, 71, 34, 20, 0]:653
[163, 47, 42, 19, 0]:684
[163, 126, 85, 36, 0]:738
[163, 128, 109, 87, 0]:887
[163, 56, 30, 13, 0]:660
[163, 56, 38, 34, 0]:692
[163, 134, 31, 6, 0]:649
[163, 98, 6, 4, 0]:650
[163, 102, 76, 10, 0]:712
[163, 144, 44, 2, 0]:676
[163, 157, 131, 45, 0]:1646
[163, 154, 39, 25, 0]:814
[163, 108, 45, 15, 0]:662
[163, 136, 21, 4, 0]:648
[163, 107, 103, 90, 0]:843
[163, 108, 91, 53, 0]:628
[163, 147, 54, 43, 0]:726
[163, 122, 117, 73, 0]:899
[163, 147, 98, 1, 0]:988
[163, 145, 127, 66, 0]:671
[163, 160, 33, 10, 0]:952
[163, 142, 56, 6, 0]:690
[163, 161, 26, 15, 0]:946
[163, 157, 65, 62, 0]:781
[163, 70, 69, 55, 0]:754
[163, 141, 38, 17, 0]:663
[163, 141, 124, 84, 0]:979
[163, 146, 102, 17, 0]:780
[163, 153, 128, 20, 0]:969
[163, 96, 40, 29, 0]:581
[163, 122, 76, 35, 0]:573
[163, 132, 86, 17, 0]:742
[163, 161, 90, 74, 0]:1105
[163, 123, 121, 107, 0]:1019
[163, 151, 130, 37, 0]:1259
[163, 121, 104, 80, 0]:848
[163, 113, 102, 17, 0]:787
[163, 149, 136, 21, 0]:1332
[163, 121, 101, 42, 0]:722
[163, 151, 41, 6, 0]:682
[163, 106, 62, 3, 0]:670
[163, 161, 32, 7, 0]:974
[163, 68, 58, 42, 0]:710
[163, 144, 121, 116, 0]:1170
[163, 118, 43, 34, 0]:672
[163, 137, 94, 9, 0]:909
[163, 82, 36, 15, 0]:648
[163, 80, 64, 5, 0]:696
[163, 150, 71, 56, 0]:745
[163, 74, 59, 10, 0]:692
[163, 92, 77, 57, 0]:735
[163, 76, 57, 31, 0]:685
[163, 162, 95, 86, 0]:1322
[163, 141, 58, 29, 0]:629
[163, 144, 59, 2, 0]:755
[163, 137, 36, 5, 0]:661
[163, 145, 116, 74, 0]:946
[163, 141, 99, 64, 0]:695
[163, 159, 129, 108, 0]:1862
[163, 30, 23, 8, 0]:671
[163, 120, 75, 69, 0]:764
[163, 26, 23, 3, 0]:515
[163, 94, 53, 2, 0]:660
[163, 128, 71, 13, 0]:832
[163, 147, 20, 17, 0]:685
[163, 108, 69, 67, 0]:754
[163, 148, 82, 4, 0]:763
[163, 142, 97, 55, 0]:714
[163, 149, 98, 57, 0]:887
[163, 135, 91, 90, 0]:832
[163, 157, 108, 29, 0]:1228
[163, 122, 121, 42, 0]:830
[163, 89, 72, 14, 0]:703
[163, 121, 50, 36, 0]:676
[163, 154, 130, 66, 0]:1245
[163, 86, 68, 28, 0]:697
[163, 121, 119, 63, 0]:908
[163, 125, 86, 3, 0]:749
[163, 109, 88, 85, 0]:819
[163, 158, 37, 24, 0]:877
[163, 134, 58, 30, 0]:676
[163, 132, 128, 77, 0]:976
[163, 85, 71, 54, 0]:726
[163, 102, 79, 39, 0]:720
[163, 51, 50, 16, 0]:697
[163, 110, 59, 24, 0]:660
[163, 127, 68, 29, 0]:687
[163, 129, 71, 68, 0]:694
[163, 115, 90, 71, 0]:821
[163, 82, 39, 3, 0]:648
[163, 98, 28, 9, 0]:648
[163, 118, 40, 9, 0]:648
[163, 154, 37, 30, 0]:934
[163, 142, 41, 27, 0]:679
[163, 145, 106, 91, 0]:1012
[163, 140, 118, 93, 0]:1029
[163, 155, 70, 51, 0]:902
[163, 131, 115, 86, 0]:836
[163, 115, 106, 63, 0]:802
[163, 100, 65, 39, 0]:687
[163, 127, 81, 73, 0]:802
[163, 95, 34, 6, 0]:648
[163, 150, 69, 22, 0]:733
[163, 40, 22, 19, 0]:666
[163, 159, 127, 98, 0]:1458
[163, 85, 64, 60, 0]:741
[163, 108, 57, 34, 0]:664
[163, 139, 46, 6, 0]:669
[163, 61, 44, 5, 0]:675
[163, 114, 69, 33, 0]:690
[163, 116, 64, 29, 0]:692
[163, 70, 36, 21, 0]:654
[163, 130, 124, 66, 0]:879
[163, 125, 116, 70, 0]:905
[163, 153, 67, 24, 0]:952
[163, 150, 127, 74, 0]:1172
[163, 149, 120, 53, 0]:956
[163, 153, 18, 13, 0]:867
[163, 112, 57, 19, 0]:671
[163, 99, 69, 40, 0]:691
[163, 59, 22, 5, 0]:648
[163, 158, 9, 1, 0]:860
[163, 93, 13, 12, 0]:658
[163, 146, 75, 53, 0]:738
[163, 160, 87, 85, 0]:1091
[163, 143, 106, 68, 0]:840
[163, 161, 57, 26, 0]:1031
[163, 131, 129, 115, 0]:1038
[163, 156, 46, 18, 0]:762
[163, 97, 33, 25, 0]:664
[163, 99, 73, 45, 0]:702
[163, 76, 33, 21, 0]:656
[163, 67, 42, 28, 0]:690
[163, 81, 44, 1, 0]:672
[163, 114, 100, 23, 0]:796
[163, 138, 102, 1, 0]:796
[163, 159, 109, 85, 0]:1248
[163, 142, 39, 10, 0]:665
[163, 135, 96, 69, 0]:784
[163, 135, 46, 8, 0]:665
[163, 147, 117, 70, 0]:975
[163, 155, 84, 1, 0]:999
[163, 152, 58, 5, 0]:984
[163, 155, 61, 26, 0]:899
[163, 146, 140, 81, 0]:1279
[163, 158, 26, 18, 0]:887
[163, 130, 42, 11, 0]:758
[163, 141, 124, 83, 0]:1042
[163, 154, 39, 28, 0]:838
[163, 146, 61, 15, 0]:819
[163, 145, 126, 72, 0]:1046
[163, 138, 104, 65, 0]:824
[163, 142, 54, 37, 0]:870
[163, 130, 101, 69, 0]:791
[163, 142, 114, 93, 0]:719
[163, 150, 119, 118, 0]:1323
[163, 97, 75, 22, 0]:633
[163, 143, 125, 123, 0]:993
[163, 159, 64, 17, 0]:1009
[163, 162, 75, 73, 0]:992
[163, 149, 58, 8, 0]:713
[163, 162, 57, 39, 0]:1089
[163, 121, 105, 95, 0]:866
[163, 130, 29, 9, 0]:648
[163, 153, 36, 30, 0]:720
[163, 148, 46, 24, 0]:679
[163, 156, 116, 73, 0]:1314
[163, 133, 96, 69, 0]:784
[163, 157, 45, 23, 0]:871
