[283, 126, 71, 55, 0]:1040
[283, 167, 102, 65, 0]:1176
[283, 69, 38, 31, 0]:950
[283, 172, 151, 21, 0]:1077
[283, 223, 193, 30, 0]:1033
[283, 58, 30, 28, 0]:931
[283, 172, 111, 61, 0]:847
[283, 199, 157, 42, 0]:929
[283, 214, 168, 46, 0]:1186
[283, 178, 171, 7, 0]:1101
[283, 132, 97, 35, 0]:1097
[283, 228, 143, 85, 0]:1133
[283, 262, 199, 63, 0]:1250
[283, 146, 105, 41, 0]:1099
[283, 177, 165, 12, 0]:1094
[283, 222, 217, 5, 0]:1364
[283, 172, 155, 17, 0]:1077
[283, 103, 90, 13, 0]:960
[283, 145, 99, 46, 0]:1080
[283, 139, 129, 10, 0]:1002
[283, 188, 101, 87, 0]:1195
[283, 118, 101, 17, 0]:995
[283, 112, 91, 21, 0]:997
[283, 190, 169, 21, 0]:1144
[283, 94, 91, 3, 0]:943
[283, 244, 227, 17, 0]:1587
[283, 188, 177, 11, 0]:1132
[283, 138, 111, 27, 0]:1035
[283, 222, 163, 59, 0]:1174
[283, 150, 77, 73, 0]:1089
[283, 150, 136, 14, 0]:1022
[283, 187, 181, 6, 0]:1128
[283, 170, 159, 11, 0]:1073
[283, 118, 85, 33, 0]:1077
[283, 246, 191, 55, 0]:1367
[283, 228, 183, 45, 0]:1321
[283, 163, 133, 30, 0]:1067
[283, 162, 155, 7, 0]:1049
[283, 262, 149, 113, 0]:1162
[283, 58, 47, 11, 0]:923
[283, 194, 159, 35, 0]:969
[283, 161, 83, 78, 0]:1128
[283, 193, 175, 18, 0]:1170
[283, 42, 29, 13, 0]:929
[283, 224, 161, 63, 0]:1170
[283, 174, 151, 23, 0]:1083
[283, 268, 215, 53, 0]:1605
[283, 42, 39, 3, 0]:891
[283, 264, 181, 83, 0]:1331
[283, 262, 183, 79, 0]:1340
[283, 244, 166, 78, 0]:1010
[283, 196, 113, 83, 0]:1155
[283, 270, 203, 67, 0]:1684
[283, 208, 178, 30, 0]:1229
[283, 180, 115, 65, 0]:1131
[283, 240, 193, 47, 0]:1378
[283, 270, 201, 69, 0]:1545
[283, 135, 74, 61, 0]:993
[283, 132, 89, 43, 0]:1067
[283, 265, 213, 52, 0]:1570
[283, 130, 95, 35, 0]:1091
[283, 252, 153, 99, 0]:1173
[283, 177, 142, 35, 0]:1058
[283, 250, 133, 117, 0]:1192
[283, 228, 206, 22, 0]:1355
[283, 264, 209, 55, 0]:1787
[283, 54, 39, 15, 0]:973
[283, 273, 178, 95, 0]:1807
[283, 210, 143, 67, 0]:1126
[283, 90, 85, 5, 0]:943
[283, 75, 58, 17, 0]:986
[283, 122, 75, 47, 0]:1040
[283, 142, 77, 65, 0]:1062
[283, 104, 99, 5, 0]:957
[283, 99, 97, 2, 0]:946
[283, 271, 213, 58, 0]:1562
[283, 138, 121, 17, 0]:1015
[283, 273, 148, 125, 0]:1644
[283, 148, 79, 69, 0]:1091
[283, 152, 107, 45, 0]:1089
[283, 130, 129, 1, 0]:975
[283, 208, 109, 99, 0]:1186
[283, 220, 178, 42, 0]:1200
[283, 202, 119, 83, 0]:1137
[283, 54, 47, 7, 0]:911
[283, 276, 191, 85, 0]:1414
[283, 270, 189, 81, 0]:1455
[283, 277, 196, 81, 0]:1836
[283, 242, 225, 17, 0]:1528
[283, 184, 123, 61, 0]:1128
[283, 238, 148, 90, 0]:1027
[283, 204, 197, 7, 0]:1198
[283, 190, 99, 91, 0]:1205
[283, 277, 160, 117, 0]:1826
[283, 160, 123, 37, 0]:847
[283, 158, 111, 47, 0]:1111
[283, 18, 10, 8, 0]:871
[283, 136, 101, 35, 0]:1109
[283, 58, 49, 9, 0]:919
[283, 194, 129, 65, 0]:1128
[283, 194, 119, 75, 0]:1129
[283, 118, 88, 30, 0]:1077
[283, 200, 161, 39, 0]:967
[283, 216, 111, 105, 0]:1196
[283, 28, 22, 6, 0]:907
[283, 47, 33, 14, 0]:950
[283, 40, 34, 6, 0]:895
[283, 12, 7, 5, 0]:862
[283, 43, 22, 21, 0]:908
[283, 118, 93, 25, 0]:1025
[283, 88, 58, 30, 0]:989
[283, 60, 59, 1, 0]:905
[283, 153, 107, 46, 0]:1088
[283, 168, 158, 10, 0]:1067
[283, 208, 139, 69, 0]:1128
[283, 208, 193, 15, 0]:1249
[283, 210, 207, 3, 0]:1227
[283, 256, 185, 71, 0]:1342
[283, 261, 165, 96, 0]:1221
[283, 258, 131, 127, 0]:1196
[283, 262, 203, 59, 0]:1505
[283, 264, 227, 37, 0]:1917
[283, 273, 172, 101, 0]:1570
[283, 257, 251, 6, 0]:2090
[283, 273, 195, 78, 0]:1603
[283, 272, 159, 113, 0]:1233
[283, 273, 168, 105, 0]:1718
