[233, 152, 67, 61, 0]:982
[233, 166, 116, 24, 0]:1042
[233, 167, 132, 4, 0]:986
[233, 172, 152, 123, 0]:1222
[233, 204, 82, 29, 0]:876
[233, 198, 83, 45, 0]:1109
[233, 74, 66, 40, 0]:990
[233, 184, 144, 112, 0]:1155
[233, 179, 97, 73, 0]:1032
[233, 165, 158, 124, 0]:1139
[233, 53, 50, 5, 0]:975
[233, 158, 102, 44, 0]:999
[233, 168, 161, 53, 0]:1197
[233, 162, 74, 55, 0]:965
[233, 169, 95, 48, 0]:978
[233, 188, 134, 125, 0]:1215
[233, 136, 100, 98, 0]:1088
[233, 81, 26, 25, 0]:951
[233, 92, 59, 48, 0]:978
[233, 141, 131, 33, 0]:1102
[233, 192, 142, 7, 0]:1143
[233, 218, 48, 32, 0]:991
[233, 125, 42, 23, 0]:931
[233, 90, 61, 56, 0]:1004
[233, 165, 125, 52, 0]:1064
[233, 141, 88, 79, 0]:1022
[233, 168, 102, 51, 0]:899
[233, 209, 177, 8, 0]:1592
[233, 169, 94, 11, 0]:1080
[233, 203, 202, 132, 0]:1723
[233, 226, 83, 66, 0]:1417
[233, 200, 54, 24, 0]:948
[233, 129, 109, 107, 0]:1124
[233, 176, 73, 21, 0]:943
[233, 153, 88, 77, 0]:1019
[233, 191, 168, 32, 0]:1287
[233, 152, 74, 48, 0]:949
[233, 191, 21, 17, 0]:940
[233, 208, 191, 163, 0]:1800
[233, 212, 41, 8, 0]:947
[233, 171, 145, 11, 0]:1140
[233, 218, 192, 117, 0]:1863
[233, 218, 208, 136, 0]:2166
[233, 161, 148, 93, 0]:1148
[233, 201, 60, 32, 0]:814
[233, 213, 185, 60, 0]:1814
[233, 183, 44, 7, 0]:928
[233, 198, 168, 60, 0]:1354
[233, 181, 148, 72, 0]:1124
[233, 175, 99, 70, 0]:1030
[233, 147, 105, 75, 0]:1036
[233, 203, 165, 122, 0]:1332
[233, 225, 201, 155, 0]:2048
[233, 204, 184, 134, 0]:1593
[233, 147, 103, 77, 0]:1040
[233, 225, 106, 71, 0]:1233
[233, 221, 130, 102, 0]:1158
[233, 226, 129, 28, 0]:1244
[233, 185, 136, 126, 0]:1178
[233, 162, 112, 14, 0]:1037
[233, 136, 90, 26, 0]:971
[233, 232, 147, 1, 0]:1461
[233, 183, 123, 9, 0]:1064
[233, 181, 170, 108, 0]:1323
[233, 120, 53, 52, 0]:978
[233, 230, 27, 5, 0]:1329
[233, 156, 97, 83, 0]:1064
[233, 149, 114, 46, 0]:1035
[233, 183, 166, 25, 0]:1356
[233, 92, 75, 53, 0]:998
[233, 230, 175, 151, 0]:2135
[233, 148, 138, 95, 0]:1052
[233, 162, 72, 48, 0]:975
[233, 200, 139, 136, 0]:1261
[233, 194, 162, 40, 0]:1255
[233, 137, 128, 11, 0]:1079
[233, 142, 12, 2, 0]:928
[233, 169, 93, 25, 0]:972
[233, 155, 96, 87, 0]:1040
[233, 185, 125, 117, 0]:1160
[233, 220, 52, 44, 0]:1081
[233, 208, 52, 36, 0]:973
[233, 124, 81, 31, 0]:965
[233, 204, 43, 2, 0]:941
[233, 220, 120, 55, 0]:1160
[233, 178, 169, 6, 0]:1280
[233, 191, 112, 42, 0]:935
[233, 200, 125, 90, 0]:1252
[233, 209, 105, 67, 0]:1036
[233, 127, 103, 26, 0]:1007
[233, 221, 186, 124, 0]:1950
[233, 203, 132, 89, 0]:1117
[233, 142, 100, 11, 0]:994
[233, 180, 133, 68, 0]:1092
[233, 198, 194, 152, 0]:1730
[233, 143, 105, 45, 0]:1008
[233, 165, 74, 53, 0]:964
[233, 112, 28, 14, 0]:830
[233, 210, 60, 23, 0]:818
[233, 135, 107, 92, 0]:1079
[233, 141, 88, 46, 0]:969
[233, 112, 100, 44, 0]:1028
[233, 218, 204, 72, 0]:2114
[233, 204, 172, 29, 0]:1188
[233, 222, 168, 114, 0]:1355
[233, 134, 65, 11, 0]:928
[233, 226, 125, 66, 0]:1395
[233, 212, 50, 14, 0]:1133
[233, 217, 142, 129, 0]:1516
[233, 221, 200, 2, 0]:2381
[233, 177, 111, 36, 0]:1026
[233, 125, 91, 33, 0]:984
[233, 204, 140, 29, 0]:1009
[233, 143, 100, 39, 0]:993
[233, 161, 112, 61, 0]:1041
[233, 159, 95, 76, 0]:1043
[233, 165, 48, 45, 0]:969
