[15, 11, 7, 4, 0]:39
[15, 13, 11, 2, 0]:40
[15, 14, 13, 1, 0]:44
[16, 11, 6, 5, 0]:44
[17, 13, 9, 4, 0]:44
[18, 15, 12, 3, 0]:46
[19, 16, 13, 3, 0]:51
[20, 15, 10, 5, 0]:34
[20, 17, 14, 3, 0]:54
[505, 354, 203, 151, 0]:1460
[20, 19, 18, 1, 0]:61
[1487, 1050, 613, 437, 0]:4282
[505, 357, 209, 148, 0]:1451
[23, 18, 13, 5, 0]:61
[979, 801, 623, 178, 0]:2756
[505, 397, 289, 108, 0]:1404
[981, 728, 475, 253, 0]:2718
[1487, 1098, 709, 389, 0]:4138
[1489, 1054, 619, 435, 0]:4280
[981, 856, 731, 125, 0]:2815
[505, 462, 419, 43, 0]:1469
[506, 443, 380, 63, 0]:1452
[983, 682, 381, 301, 0]:2866
[1490, 1147, 804, 343, 0]:4124
[985, 661, 337, 324, 0]:2939
[507, 437, 367, 70, 0]:1448
[508, 349, 190, 159, 0]:1490
[1494, 1089, 684, 405, 0]:4200
[985, 713, 441, 272, 0]:2783
[23, 22, 21, 1, 0]:71
[24, 21, 18, 3, 0]:69
[25, 17, 9, 8, 0]:71
[508, 407, 306, 101, 0]:1420
[25, 18, 11, 7, 0]:68
[25, 21, 17, 4, 0]:68
[26, 19, 12, 7, 0]:70
[27, 20, 13, 7, 0]:72
[29, 20, 11, 9, 0]:82
[508, 443, 378, 65, 0]:1456
[985, 821, 657, 164, 0]:2788
[509, 427, 345, 82, 0]:1442
[1497, 1322, 1147, 175, 0]:4313
[1500, 1015, 530, 485, 0]:4452
[1500, 1275, 1050, 225, 0]:4272
[1500, 1305, 1110, 195, 0]:4302
[1500, 1375, 1250, 125, 0]:4746
[1500, 1395, 1290, 105, 0]:4392
[1500, 1407, 1314, 93, 0]:4404
[1501, 1183, 865, 318, 0]:4182
[1501, 1236, 971, 265, 0]:4235
[1502, 1233, 964, 269, 0]:4234
