[571, 334, 199, 103, 0]:2349
[571, 217, 151, 100, 0]:2426
[571, 313, 81, 42, 0]:2282
[571, 190, 169, 79, 0]:2456
[571, 143, 72, 62, 0]:2346
[571, 355, 233, 228, 0]:2625
[571, 338, 313, 11, 0]:2699
[571, 221, 206, 84, 0]:2493
[571, 225, 97, 4, 0]:2334
[571, 389, 364, 182, 0]:1706
[571, 349, 165, 10, 0]:2290
[571, 362, 176, 147, 0]:2397
[571, 423, 80, 65, 0]:2329
[571, 446, 80, 15, 0]:2280
[571, 398, 204, 73, 0]:2319
[571, 376, 180, 17, 0]:2280
[571, 460, 135, 6, 0]:2303
[571, 351, 283, 62, 0]:2568
[571, 330, 313, 153, 0]:2625
[571, 438, 259, 53, 0]:2431
[571, 259, 97, 16, 0]:2337
[571, 310, 243, 115, 0]:2484
[571, 435, 241, 174, 0]:2536
[571, 215, 175, 54, 0]:2447
[571, 457, 284, 2, 0]:2566
[571, 426, 353, 88, 0]:2713
[571, 352, 107, 29, 0]:2280
[571, 240, 94, 87, 0]:2368
[571, 358, 242, 20, 0]:2462
[571, 254, 247, 147, 0]:2576
[571, 417, 337, 64, 0]:2695
[571, 408, 365, 160, 0]:2761
[571, 450, 348, 1, 0]:2809
[571, 422, 356, 223, 0]:2735
[571, 476, 325, 291, 0]:2881
[571, 288, 260, 113, 0]:2534
[571, 396, 346, 6, 0]:2752
[571, 359, 242, 21, 0]:2459
[571, 266, 158, 135, 0]:2435
[571, 478, 376, 325, 0]:3212
[571, 306, 293, 163, 0]:2605
[571, 346, 108, 58, 0]:2287
[571, 514, 220, 157, 0]:2535
[571, 256, 141, 112, 0]:2409
[571, 494, 239, 22, 0]:2473
[571, 478, 334, 241, 0]:2068
[571, 514, 239, 162, 0]:2545
[571, 431, 341, 70, 0]:2693
[571, 512, 62, 10, 0]:2282
[571, 520, 381, 204, 0]:3414
[571, 264, 263, 178, 0]:2681
[571, 458, 395, 151, 0]:2939
[571, 406, 179, 129, 0]:2371
[571, 550, 273, 189, 0]:2990
[571, 514, 204, 106, 0]:2431
[571, 520, 148, 57, 0]:2376
[571, 386, 308, 39, 0]:2628
[571, 485, 430, 341, 0]:3638
[571, 418, 309, 250, 0]:2756
[571, 300, 54, 21, 0]:2280
[571, 424, 369, 140, 0]:2761
[571, 224, 209, 46, 0]:2516
[571, 528, 230, 121, 0]:2590
[571, 495, 478, 419, 0]:3603
[571, 453, 329, 250, 0]:2768
[571, 457, 323, 50, 0]:2667
[571, 494, 343, 164, 0]:2773
[571, 198, 99, 46, 0]:2114
[571, 318, 173, 28, 0]:2212
[571, 402, 268, 23, 0]:2478
[571, 368, 356, 10, 0]:2805
[571, 262, 79, 21, 0]:2323
[571, 241, 228, 5, 0]:2559
[571, 338, 110, 97, 0]:2363
[571, 495, 399, 162, 0]:3197
[571, 456, 351, 205, 0]:2761
[571, 401, 309, 116, 0]:2619
[571, 351, 119, 14, 0]:2280
[571, 334, 106, 34, 0]:2280
[571, 508, 435, 133, 0]:3538
[571, 426, 399, 376, 0]:3454
[571, 510, 387, 322, 0]:3246
[571, 515, 361, 290, 0]:2993
[571, 420, 131, 22, 0]:2280
[571, 398, 183, 40, 0]:2289
[571, 533, 217, 36, 0]:2507
[571, 254, 241, 233, 0]:2729
[571, 530, 290, 273, 0]:2814
[571, 459, 434, 271, 0]:3307
[571, 406, 283, 24, 0]:2562
[571, 402, 262, 191, 0]:2566
[571, 361, 252, 154, 0]:2478
[571, 353, 314, 229, 0]:2722
[571, 349, 190, 103, 0]:2325
[571, 212, 92, 37, 0]:2326
[571, 390, 265, 122, 0]:2502
[571, 481, 465, 159, 0]:3621
[571, 233, 222, 73, 0]:2521
[571, 410, 234, 229, 0]:2627
[571, 191, 174, 83, 0]:2464
[571, 497, 492, 268, 0]:4132
[571, 475, 321, 224, 0]:2714
[571, 515, 238, 96, 0]:2475
[571, 506, 442, 251, 0]:3843
[571, 378, 301, 198, 0]:2609
[571, 403, 381, 68, 0]:2810
[571, 501, 448, 324, 0]:3811
[571, 454, 288, 95, 0]:2571
[571, 538, 185, 117, 0]:2479
[571, 316, 313, 118, 0]:2648
[571, 532, 202, 13, 0]:2498
[571, 211, 118, 108, 0]:2394
[571, 430, 259, 96, 0]:2484
[571, 537, 214, 149, 0]:2542
[571, 450, 222, 157, 0]:2471
[571, 461, 356, 151, 0]:2820
[571, 438, 323, 307, 0]:2943
[571, 518, 170, 151, 0]:2527
[571, 504, 477, 25, 0]:3962
[571, 388, 345, 178, 0]:2691
[571, 479, 318, 233, 0]:2725
[571, 422, 125, 66, 0]:2286
[571, 495, 118, 84, 0]:2361
[571, 302, 91, 6, 0]:2308
[571, 348, 225, 187, 0]:2492
[571, 186, 129, 7, 0]:2392
[571, 519, 229, 217, 0]:2660
[571, 458, 97, 72, 0]:2326
[571, 442, 439, 346, 0]:3498
[571, 517, 382, 225, 0]:3392
[571, 356, 102, 38, 0]:2280
[571, 443, 134, 31, 0]:2285
[571, 248, 208, 30, 0]:2502
[571, 465, 463, 68, 0]:3441
[571, 352, 62, 17, 0]:2280
[571, 446, 227, 189, 0]:2538
[571, 283, 82, 60, 0]:2344
[571, 498, 290, 146, 0]:2497
[571, 543, 286, 260, 0]:2796
[571, 553, 318, 301, 0]:3815
[571, 426, 121, 12, 0]:2280
[571, 426, 403, 229, 0]:3050
[571, 467, 421, 198, 0]:3238
[571, 333, 260, 218, 0]:2632
[571, 490, 468, 271, 0]:3759
[571, 492, 191, 38, 0]:2391
[571, 398, 327, 217, 0]:2683
[571, 561, 342, 79, 0]:4310
[571, 380, 101, 49, 0]:2280
[571, 470, 367, 72, 0]:2968
[571, 537, 516, 88, 0]:5719
[571, 514, 461, 47, 0]:3899
[571, 466, 273, 250, 0]:2729
[571, 260, 218, 7, 0]:2520
[571, 547, 452, 450, 0]:6009
[571, 370, 157, 76, 0]:2280
[571, 490, 415, 24, 0]:3389
[571, 444, 169, 93, 0]:2337
[571, 507, 164, 106, 0]:2426
[571, 102, 70, 19, 0]:2353
[571, 498, 230, 79, 0]:2438
[571, 553, 417, 100, 0]:4282
[571, 502, 205, 139, 0]:2487
[571, 300, 46, 21, 0]:2280
[571, 373, 57, 23, 0]:2280
[571, 494, 232, 21, 0]:2465
[571, 314, 309, 149, 0]:2641
[571, 178, 87, 2, 0]:2324
[571, 516, 246, 201, 0]:2625
[571, 512, 445, 81, 0]:3757
[571, 515, 286, 42, 0]:2609
[571, 504, 489, 138, 0]:4090
[571, 194, 100, 3, 0]:2368
[571, 376, 225, 33, 0]:2385
[571, 555, 272, 257, 0]:3443
[571, 541, 351, 309, 0]:3076
[81, 150, 507, 571, 0]:2376
[54, 119, 122, 571, 0]:2414
[89, 304, 491, 571, 0]:2619
[25, 38, 516, 571, 0]:2550
[53, 290, 469, 571, 0]:2577
[258, 270, 411, 571, 0]:2766
[1, 96, 377, 571, 0]:2280
[13, 319, 454, 571, 0]:2696
[335, 350, 555, 571, 0]:3462
[406, 491, 546, 571, 0]:7171
[34, 97, 205, 571, 0]:2324
[169, 346, 559, 571, 0]:3502
[6, 79, 183, 571, 0]:2315
[87, 300, 333, 571, 0]:2597
[88, 241, 315, 571, 0]:2486
[4, 309, 464, 571, 0]:2663
[330, 331, 568, 571, 0]:4774
[349, 353, 516, 571, 0]:3929
[466, 489, 516, 571, 0]:4950
[18, 30, 562, 571, 0]:2243
[387, 424, 534, 571, 0]:2077
[457, 480, 533, 571, 0]:5017
[209, 241, 531, 571, 0]:2656
[77, 103, 536, 571, 0]:2397
[91, 513, 550, 571, 0]:7510
[181, 210, 265, 571, 0]:2589
[81, 400, 424, 571, 0]:2969
[140, 408, 473, 571, 0]:3167
[146, 276, 383, 571, 0]:2539
[191, 326, 406, 571, 0]:2626
[100, 214, 231, 571, 0]:2504
[350, 355, 524, 571, 0]:3339
[157, 173, 512, 571, 0]:2533
[237, 253, 551, 571, 0]:2732
[279, 296, 521, 571, 0]:3198
[164, 168, 569, 571, 0]:2463
[141, 153, 544, 571, 0]:2533
[454, 463, 546, 571, 0]:6012
[340, 377, 519, 571, 0]:3340
[352, 357, 556, 571, 0]:3601
[6, 10, 548, 571, 0]:2281
[16, 119, 570, 571, 0]:3749
[181, 456, 466, 571, 0]:3353
[9, 478, 546, 571, 0]:4820
[202, 465, 466, 571, 0]:3452
[16, 322, 396, 571, 0]:2689
[122, 187, 312, 571, 0]:2403
[130, 134, 228, 571, 0]:2443
[197, 408, 437, 571, 0]:3009
[117, 382, 406, 571, 0]:3012
[91, 182, 567, 571, 0]:3077
[52, 79, 366, 571, 0]:2304
[71, 357, 419, 571, 0]:2719
[38, 121, 146, 571, 0]:2395
[261, 334, 397, 571, 0]:2819
[15, 390, 510, 571, 0]:3125
[33, 148, 532, 571, 0]:3085
[323, 398, 481, 571, 0]:3314
[50, 139, 342, 571, 0]:2280
[274, 419, 495, 571, 0]:2435
[26, 332, 336, 571, 0]:2751
[148, 311, 449, 571, 0]:2639
[17, 306, 560, 571, 0]:2778
[354, 375, 540, 571, 0]:4332
[59, 242, 517, 571, 0]:3192
[74, 92, 169, 571, 0]:2363
[22, 210, 256, 571, 0]:2501
[69, 202, 266, 571, 0]:2497
[58, 155, 524, 571, 0]:2388
