[163, 14, 10, 9, 0]:660
[163, 30, 24, 4, 0]:674
[163, 43, 21, 10, 0]:662
[163, 42, 14, 8, 0]:655
[163, 41, 28, 24, 0]:680
[163, 40, 37, 12, 0]:689
[163, 26, 24, 13, 0]:605
[163, 58, 24, 5, 0]:666
[163, 53, 37, 30, 0]:697
[163, 67, 15, 2, 0]:656
[163, 50, 46, 6, 0]:696
[163, 49, 39, 18, 0]:682
[163, 57, 32, 19, 0]:678
[163, 50, 49, 15, 0]:698
[163, 54, 39, 27, 0]:609
[163, 57, 25, 20, 0]:662
[163, 59, 38, 18, 0]:678
[163, 88, 13, 10, 0]:573
[163, 57, 36, 30, 0]:682
[163, 60, 41, 40, 0]:700
[163, 73, 23, 12, 0]:663
[163, 105, 47, 22, 0]:591
[163, 62, 44, 7, 0]:691
[163, 12, 9, 3, 0]:539
[163, 66, 48, 40, 0]:706
[163, 72, 32, 1, 0]:662
[163, 70, 48, 46, 0]:713
[163, 65, 58, 33, 0]:704
[163, 63, 34, 20, 0]:657
[163, 101, 39, 23, 0]:564
[163, 68, 47, 33, 0]:689
[163, 62, 60, 34, 0]:717
[163, 78, 54, 4, 0]:706
[163, 77, 57, 16, 0]:698
[163, 61, 51, 42, 0]:685
[163, 80, 61, 2, 0]:718
[163, 88, 6, 5, 0]:651
[163, 26, 23, 3, 0]:539
[163, 77, 55, 9, 0]:694
[163, 81, 58, 2, 0]:702
[163, 84, 29, 14, 0]:660
[163, 80, 56, 1, 0]:701
[163, 86, 22, 6, 0]:651
[163, 76, 73, 18, 0]:732
[163, 82, 57, 21, 0]:693
[163, 57, 53, 4, 0]:545
[163, 42, 34, 10, 0]:678
[163, 82, 59, 18, 0]:707
[163, 75, 62, 35, 0]:707
[163, 85, 36, 15, 0]:657
[163, 52, 28, 10, 0]:661
[163, 51, 19, 6, 0]:654
[163, 95, 16, 2, 0]:648
[163, 82, 73, 45, 0]:728
[163, 87, 50, 19, 0]:673
[163, 88, 78, 67, 0]:764
[163, 87, 38, 19, 0]:610
[163, 90, 37, 31, 0]:672
[163, 90, 49, 30, 0]:680
[163, 88, 63, 53, 0]:717
[163, 104, 22, 3, 0]:648
[163, 102, 19, 17, 0]:662
[163, 100, 69, 38, 0]:630
[163, 106, 14, 9, 0]:651
[163, 91, 71, 2, 0]:720
[163, 84, 50, 37, 0]:690
[163, 86, 61, 45, 0]:689
[163, 112, 6, 2, 0]:653
[163, 102, 64, 3, 0]:588
[163, 88, 81, 50, 0]:745
[163, 97, 63, 30, 0]:676
[163, 94, 50, 45, 0]:692
[163, 93, 69, 22, 0]:690
[163, 104, 26, 24, 0]:669
[163, 102, 32, 11, 0]:648
[163, 100, 41, 21, 0]:648
[163, 93, 18, 9, 0]:609
[163, 60, 45, 19, 0]:687
[163, 101, 54, 10, 0]:654
[163, 97, 64, 24, 0]:688
[163, 99, 53, 52, 0]:703
[163, 99, 50, 23, 0]:648
[163, 95, 63, 58, 0]:710
[163, 46, 26, 8, 0]:668
[163, 104, 78, 19, 0]:577
[163, 106, 78, 21, 0]:574
[163, 86, 83, 69, 0]:747
[163, 106, 44, 6, 0]:648
[163, 65, 56, 6, 0]:709
[163, 97, 53, 33, 0]:664
[163, 93, 79, 42, 0]:726
[163, 125, 79, 38, 0]:642
[163, 44, 26, 21, 0]:675
[163, 105, 37, 24, 0]:658
[163, 97, 75, 22, 0]:622
[163, 105, 59, 44, 0]:688
[163, 68, 33, 28, 0]:679
[163, 117, 81, 76, 0]:764
[163, 103, 37, 30, 0]:654
[163, 109, 59, 14, 0]:659
[163, 113, 31, 12, 0]:648
[163, 101, 78, 26, 0]:703
[163, 106, 54, 34, 0]:662
[163, 104, 75, 58, 0]:731
[163, 92, 85, 18, 0]:745
[163, 111, 40, 17, 0]:648
[163, 116, 98, 69, 0]:697
[163, 113, 40, 17, 0]:658
[163, 105, 79, 34, 0]:721
[163, 107, 78, 16, 0]:720
[163, 61, 46, 12, 0]:685
[163, 110, 52, 3, 0]:648
[163, 110, 63, 19, 0]:672
[163, 108, 56, 29, 0]:652
[163, 112, 41, 17, 0]:648
[163, 114, 46, 11, 0]:648
[163, 131, 32, 6, 0]:551
[163, 94, 75, 17, 0]:725
[163, 110, 58, 51, 0]:700
[163, 113, 32, 24, 0]:665
[163, 93, 90, 66, 0]:787
[163, 42, 13, 2, 0]:655
[163, 112, 45, 36, 0]:674
[163, 114, 57, 4, 0]:639
[163, 106, 96, 39, 0]:588
[163, 99, 88, 18, 0]:750
[163, 118, 33, 27, 0]:668
[163, 96, 89, 4, 0]:763
[163, 113, 65, 28, 0]:678
[163, 117, 58, 33, 0]:750
[163, 114, 69, 33, 0]:690
[163, 112, 78, 14, 0]:717
[163, 93, 92, 88, 0]:841
[163, 101, 83, 82, 0]:766
[163, 86, 73, 45, 0]:714
[163, 113, 66, 31, 0]:672
[163, 80, 79, 33, 0]:732
[163, 113, 75, 67, 0]:758
[163, 96, 88, 50, 0]:740
[163, 102, 89, 19, 0]:753
[163, 78, 66, 13, 0]:724
[163, 98, 90, 11, 0]:768
[163, 117, 73, 30, 0]:702
[163, 63, 62, 53, 0]:752
[163, 105, 87, 57, 0]:742
[163, 81, 73, 54, 0]:737
[163, 125, 21, 16, 0]:683
[163, 104, 90, 23, 0]:750
[163, 109, 15, 4, 0]:648
[163, 68, 55, 50, 0]:731
[163, 110, 30, 17, 0]:655
[163, 80, 36, 10, 0]:659
[163, 46, 40, 24, 0]:690
[163, 56, 47, 13, 0]:702
[163, 113, 57, 46, 0]:688
[163, 125, 31, 2, 0]:648
[163, 97, 64, 58, 0]:724
[163, 57, 25, 10, 0]:654
[163, 121, 54, 51, 0]:706
[163, 122, 72, 5, 0]:702
[163, 41, 38, 9, 0]:691
[163, 123, 60, 37, 0]:694
[163, 122, 50, 39, 0]:683
[163, 117, 73, 60, 0]:735
[163, 68, 67, 66, 0]:653
[163, 106, 93, 29, 0]:758
[163, 102, 96, 13, 0]:783
[163, 110, 90, 16, 0]:770
[163, 39, 33, 18, 0]:685
[163, 118, 54, 31, 0]:663
[163, 82, 20, 17, 0]:664
[163, 63, 58, 26, 0]:684
[163, 81, 35, 34, 0]:684
[163, 105, 97, 19, 0]:784
[163, 123, 73, 28, 0]:702
[163, 124, 66, 8, 0]:646
[163, 125, 42, 20, 0]:651
[163, 124, 74, 8, 0]:705
[163, 67, 46, 36, 0]:708
[163, 29, 18, 16, 0]:665
[163, 53, 52, 24, 0]:704
[163, 90, 67, 56, 0]:729
[163, 97, 65, 42, 0]:689
[163, 122, 60, 38, 0]:676
[163, 124, 57, 24, 0]:665
[163, 127, 43, 22, 0]:654
[163, 60, 38, 14, 0]:681
[163, 127, 54, 17, 0]:692
[163, 72, 69, 52, 0]:750
[163, 84, 81, 63, 0]:773
[163, 112, 89, 8, 0]:752
[163, 86, 2, 1, 0]:615
[163, 130, 36, 3, 0]:559
[163, 101, 99, 28, 0]:779
[163, 126, 73, 9, 0]:702
[163, 126, 49, 35, 0]:679
[163, 126, 64, 21, 0]:675
[163, 87, 82, 46, 0]:743
[163, 90, 76, 28, 0]:699
[163, 74, 69, 62, 0]:768
[163, 108, 65, 49, 0]:706
[163, 112, 75, 6, 0]:709
[163, 126, 81, 24, 0]:726
[163, 85, 33, 28, 0]:670
[163, 52, 25, 16, 0]:657
[163, 132, 49, 10, 0]:793
[163, 52, 25, 12, 0]:657
[163, 43, 30, 14, 0]:672
[163, 84, 41, 13, 0]:678
[163, 42, 41, 2, 0]:652
[163, 105, 104, 80, 0]:836
[163, 132, 75, 49, 0]:740
[163, 90, 81, 78, 0]:797
[163, 103, 102, 92, 0]:876
[163, 121, 86, 77, 0]:699
[163, 106, 63, 1, 0]:681
[163, 110, 100, 51, 0]:767
[163, 112, 95, 93, 0]:855
[163, 113, 93, 58, 0]:743
[163, 66, 64, 14, 0]:721
[163, 150, 53, 13, 0]:592
[163, 89, 20, 10, 0]:599
[163, 98, 74, 10, 0]:719
[163, 85, 83, 66, 0]:776
[163, 85, 81, 75, 0]:790
[163, 135, 21, 16, 0]:658
[163, 82, 64, 40, 0]:712
[163, 136, 40, 10, 0]:660
[163, 90, 24, 15, 0]:653
[163, 76, 26, 24, 0]:671
[163, 122, 97, 54, 0]:759
[163, 97, 40, 1, 0]:650
[163, 132, 73, 29, 0]:702
[163, 23, 15, 2, 0]:660
[163, 119, 95, 90, 0]:839
[163, 67, 39, 22, 0]:679
[163, 64, 49, 30, 0]:698
[163, 132, 101, 37, 0]:637
[163, 126, 85, 64, 0]:759
[163, 149, 44, 28, 0]:670
[163, 46, 37, 3, 0]:689
[163, 129, 53, 41, 0]:694
[163, 98, 41, 39, 0]:684
[163, 92, 75, 25, 0]:695
[163, 113, 104, 81, 0]:830
[163, 58, 25, 7, 0]:655
[163, 70, 37, 4, 0]:620
[163, 95, 82, 26, 0]:697
[163, 111, 22, 13, 0]:651
[163, 93, 39, 4, 0]:665
[163, 58, 41, 21, 0]:687
[163, 136, 81, 71, 0]:760
[163, 106, 64, 39, 0]:688
[163, 129, 92, 52, 0]:799
[163, 135, 70, 1, 0]:700
[163, 136, 86, 68, 0]:663
[163, 134, 59, 48, 0]:713
[163, 138, 47, 2, 0]:669
[163, 128, 88, 50, 0]:748
[163, 99, 74, 5, 0]:728
[163, 111, 106, 65, 0]:804
[163, 124, 50, 3, 0]:658
[163, 79, 52, 33, 0]:687
[163, 135, 47, 38, 0]:689
[163, 133, 76, 51, 0]:736
[163, 138, 75, 49, 0]:767
[163, 133, 74, 62, 0]:739
[163, 123, 36, 9, 0]:648
[163, 126, 118, 45, 0]:773
[163, 44, 41, 33, 0]:712
[163, 98, 82, 41, 0]:660
[163, 128, 92, 1, 0]:840
[163, 109, 54, 27, 0]:542
[163, 73, 72, 34, 0]:723
[163, 126, 59, 31, 0]:671
[163, 138, 22, 14, 0]:653
[163, 90, 22, 12, 0]:649
[163, 126, 88, 3, 0]:756
[163, 120, 65, 34, 0]:702
[163, 139, 32, 14, 0]:655
[163, 86, 41, 3, 0]:652
[163, 61, 44, 5, 0]:688
[163, 120, 58, 1, 0]:662
[163, 124, 95, 5, 0]:812
[163, 114, 113, 13, 0]:794
[163, 40, 12, 1, 0]:654
[163, 45, 44, 26, 0]:705
[163, 107, 97, 14, 0]:766
[163, 113, 109, 32, 0]:799
[163, 74, 59, 42, 0]:710
[163, 125, 122, 81, 0]:766
[163, 137, 49, 45, 0]:710
[163, 105, 49, 8, 0]:648
[163, 85, 75, 8, 0]:725
[163, 113, 96, 4, 0]:810
[163, 121, 64, 34, 0]:678
[163, 128, 90, 14, 0]:776
[163, 138, 59, 29, 0]:777
[163, 123, 100, 2, 0]:784
[163, 73, 44, 21, 0]:677
[163, 148, 30, 25, 0]:654
[163, 102, 55, 27, 0]:655
[163, 99, 82, 62, 0]:754
[163, 129, 94, 22, 0]:764
[163, 114, 84, 63, 0]:762
[163, 105, 43, 38, 0]:680
[163, 59, 57, 28, 0]:716
[163, 118, 81, 7, 0]:717
[163, 82, 34, 15, 0]:654
[163, 125, 64, 33, 0]:676
[163, 113, 87, 77, 0]:799
[163, 126, 104, 31, 0]:778
[163, 142, 19, 7, 0]:648
[163, 134, 92, 9, 0]:790
[163, 120, 108, 81, 0]:839
[163, 125, 102, 14, 0]:798
[163, 113, 90, 2, 0]:749
[163, 90, 74, 52, 0]:721
[163, 129, 125, 95, 0]:812
[163, 123, 84, 6, 0]:734
[163, 118, 39, 26, 0]:671
[163, 120, 85, 71, 0]:782
[163, 123, 64, 54, 0]:718
[163, 54, 41, 23, 0]:687
[163, 105, 100, 16, 0]:824
[163, 106, 95, 24, 0]:768
[163, 120, 109, 16, 0]:821
[163, 59, 47, 10, 0]:701
[163, 121, 108, 69, 0]:825
[163, 145, 91, 9, 0]:833
[163, 125, 81, 10, 0]:715
[163, 141, 46, 29, 0]:755
[163, 126, 81, 60, 0]:750
[163, 139, 78, 47, 0]:732
[163, 123, 109, 2, 0]:849
[163, 88, 77, 42, 0]:718
[163, 142, 51, 15, 0]:683
[163, 90, 22, 2, 0]:653
[163, 63, 58, 23, 0]:718
[163, 86, 67, 60, 0]:740
[163, 141, 65, 16, 0]:693
[163, 103, 54, 5, 0]:609
[163, 106, 42, 3, 0]:648
[163, 84, 59, 1, 0]:697
[163, 105, 60, 49, 0]:697
[163, 59, 39, 34, 0]:689
[163, 123, 109, 78, 0]:831
[163, 58, 21, 2, 0]:656
[163, 70, 61, 9, 0]:578
[163, 130, 65, 8, 0]:644
[163, 100, 81, 2, 0]:739
[163, 93, 86, 65, 0]:770
[163, 122, 84, 37, 0]:734
[163, 135, 94, 74, 0]:790
[163, 144, 9, 1, 0]:648
[163, 94, 92, 18, 0]:765
[163, 128, 101, 7, 0]:797
[163, 114, 65, 29, 0]:604
[163, 119, 105, 4, 0]:815
[163, 137, 124, 60, 0]:847
[163, 145, 54, 11, 0]:745
[163, 137, 130, 33, 0]:912
[163, 140, 81, 76, 0]:904
[163, 140, 61, 41, 0]:694
[163, 100, 49, 30, 0]:658
[163, 100, 62, 45, 0]:692
[163, 45, 28, 10, 0]:662
[163, 120, 113, 64, 0]:873
[163, 100, 35, 30, 0]:672
[163, 150, 86, 73, 0]:574
[163, 133, 118, 102, 0]:922
[163, 106, 93, 28, 0]:757
[163, 110, 87, 17, 0]:760
[163, 54, 44, 13, 0]:697
[163, 51, 38, 20, 0]:680
[163, 122, 81, 7, 0]:616
[163, 151, 93, 24, 0]:738
[163, 114, 42, 22, 0]:649
[163, 120, 110, 95, 0]:898
[163, 102, 79, 15, 0]:724
[163, 127, 105, 10, 0]:801
[163, 74, 39, 22, 0]:675
[163, 110, 94, 27, 0]:765
[163, 58, 42, 13, 0]:688
[163, 120, 106, 37, 0]:786
[163, 112, 47, 42, 0]:684
[163, 99, 52, 14, 0]:652
[163, 131, 104, 70, 0]:817
[163, 119, 114, 85, 0]:887
[163, 64, 45, 7, 0]:695
[163, 108, 52, 5, 0]:648
[163, 126, 30, 1, 0]:648
[163, 51, 27, 10, 0]:660
[163, 136, 79, 33, 0]:720
[163, 117, 106, 50, 0]:792
[163, 90, 71, 10, 0]:712
[163, 119, 99, 70, 0]:789
[163, 122, 119, 48, 0]:873
[163, 63, 17, 16, 0]:662
[163, 140, 29, 7, 0]:653
[163, 118, 21, 19, 0]:664
[163, 118, 110, 2, 0]:862
[163, 134, 103, 80, 0]:847
[163, 116, 110, 1, 0]:842
[163, 150, 28, 2, 0]:654
[163, 80, 42, 32, 0]:672
[163, 124, 114, 33, 0]:833
[163, 51, 32, 25, 0]:677
[163, 71, 34, 20, 0]:662
[163, 119, 58, 57, 0]:716
[163, 117, 88, 20, 0]:747
[163, 144, 71, 29, 0]:700
[163, 122, 11, 6, 0]:648
[163, 90, 68, 53, 0]:715
[163, 84, 29, 10, 0]:648
[163, 96, 63, 49, 0]:697
[163, 142, 84, 17, 0]:771
[163, 131, 83, 78, 0]:830
[163, 141, 53, 34, 0]:803
[163, 134, 100, 6, 0]:800
[163, 108, 91, 53, 0]:629
[163, 63, 37, 14, 0]:673
[163, 146, 93, 59, 0]:714
[163, 117, 31, 10, 0]:648
[163, 125, 120, 58, 0]:904
[163, 122, 64, 27, 0]:675
[163, 121, 120, 11, 0]:934
[163, 136, 108, 61, 0]:867
[163, 79, 12, 5, 0]:652
[163, 126, 58, 3, 0]:668
[163, 100, 63, 6, 0]:588
[163, 83, 61, 6, 0]:695
[163, 117, 105, 70, 0]:812
[163, 150, 105, 13, 0]:767
[163, 139, 70, 39, 0]:700
[163, 130, 76, 1, 0]:715
[163, 130, 109, 82, 0]:846
[163, 129, 118, 54, 0]:879
[163, 48, 34, 22, 0]:669
[163, 146, 56, 19, 0]:753
[163, 144, 79, 77, 0]:792
[163, 136, 52, 22, 0]:748
[163, 135, 124, 17, 0]:1014
[163, 50, 27, 26, 0]:676
[163, 134, 95, 93, 0]:855
[163, 106, 19, 1, 0]:648
[163, 138, 102, 94, 0]:831
[163, 44, 37, 30, 0]:620
[163, 145, 70, 9, 0]:705
[163, 113, 20, 18, 0]:663
[163, 146, 75, 16, 0]:720
[163, 149, 93, 22, 0]:839
[163, 95, 64, 53, 0]:717
[163, 94, 60, 13, 0]:706
[163, 114, 91, 61, 0]:755
[163, 42, 37, 1, 0]:692
[163, 153, 42, 10, 0]:570
[163, 71, 69, 44, 0]:714
[163, 93, 62, 52, 0]:709
[163, 91, 69, 18, 0]:703
[163, 141, 64, 35, 0]:691
[163, 45, 38, 26, 0]:689
[163, 131, 46, 17, 0]:661
[163, 117, 50, 25, 0]:656
[163, 117, 63, 34, 0]:674
[163, 148, 101, 39, 0]:735
[163, 45, 37, 28, 0]:691
[163, 140, 110, 49, 0]:872
[163, 61, 38, 11, 0]:671
[163, 24, 16, 5, 0]:661
[163, 58, 45, 4, 0]:693
[163, 106, 33, 28, 0]:670
[163, 139, 114, 69, 0]:903
[163, 58, 39, 11, 0]:671
[163, 44, 42, 19, 0]:700
[163, 102, 60, 22, 0]:665
[163, 60, 37, 9, 0]:674
[163, 137, 35, 13, 0]:657
[163, 46, 39, 18, 0]:690
[163, 135, 46, 35, 0]:688
[163, 42, 37, 25, 0]:687
[163, 112, 110, 71, 0]:835
[163, 46, 33, 22, 0]:688
[163, 40, 38, 20, 0]:621
[163, 115, 68, 53, 0]:719
[163, 101, 44, 3, 0]:648
[163, 128, 110, 79, 0]:839
[163, 149, 94, 53, 0]:809
[163, 61, 44, 26, 0]:688
[163, 157, 36, 18, 0]:701
[163, 93, 70, 66, 0]:641
[163, 57, 47, 28, 0]:697
[163, 99, 65, 16, 0]:674
[163, 94, 17, 9, 0]:652
[163, 61, 60, 8, 0]:717
[163, 117, 63, 48, 0]:704
[163, 120, 25, 3, 0]:648
[163, 42, 32, 20, 0]:682
[163, 49, 34, 12, 0]:674
[163, 40, 35, 21, 0]:702
[163, 128, 49, 11, 0]:661
[163, 152, 33, 23, 0]:732
[163, 152, 97, 65, 0]:936
[163, 126, 75, 61, 0]:750
[163, 62, 37, 26, 0]:679
[163, 141, 133, 119, 0]:992
[163, 64, 60, 29, 0]:698
[163, 58, 28, 9, 0]:661
[163, 134, 105, 22, 0]:622
[163, 146, 129, 85, 0]:763
[163, 150, 137, 94, 0]:802
[163, 109, 55, 42, 0]:594
[163, 57, 20, 5, 0]:659
[163, 129, 100, 46, 0]:777
[163, 72, 55, 14, 0]:698
[163, 131, 70, 63, 0]:747
[163, 117, 109, 50, 0]:797
[163, 85, 75, 71, 0]:774
[163, 124, 54, 43, 0]:693
[163, 86, 54, 23, 0]:691
[163, 139, 122, 47, 0]:965
[163, 70, 20, 11, 0]:658
[163, 123, 37, 32, 0]:674
[163, 120, 113, 28, 0]:851
[163, 128, 125, 49, 0]:861
[163, 154, 123, 45, 0]:1192
[163, 96, 45, 3, 0]:652
[163, 154, 123, 31, 0]:908
[163, 126, 77, 56, 0]:742
[163, 78, 62, 23, 0]:689
[163, 147, 137, 76, 0]:1357
[163, 158, 124, 15, 0]:1304
[163, 158, 123, 11, 0]:1151
[163, 94, 86, 11, 0]:755
[163, 149, 145, 44, 0]:1700
[163, 84, 41, 38, 0]:682
[163, 135, 109, 38, 0]:860
[163, 134, 113, 82, 0]:892
[163, 154, 138, 77, 0]:1389
[163, 72, 65, 35, 0]:725
[163, 153, 62, 40, 0]:804
[163, 140, 129, 100, 0]:1102
[163, 37, 30, 1, 0]:681
[163, 113, 102, 44, 0]:788
[163, 47, 40, 33, 0]:622
[163, 144, 75, 46, 0]:724
[163, 118, 55, 9, 0]:657
[163, 159, 115, 34, 0]:1257
[163, 145, 50, 11, 0]:680
[163, 94, 84, 22, 0]:742
[163, 157, 102, 80, 0]:1122
[163, 150, 133, 130, 0]:1657
[163, 155, 136, 101, 0]:1322
[163, 152, 99, 85, 0]:956
[163, 149, 117, 7, 0]:1004
[163, 149, 69, 10, 0]:941
[163, 74, 23, 7, 0]:654
[163, 138, 118, 91, 0]:947
[163, 151, 147, 62, 0]:1223
[163, 150, 133, 125, 0]:1503
[163, 145, 32, 17, 0]:662
[163, 109, 60, 16, 0]:663
[163, 157, 131, 93, 0]:1334
[163, 152, 142, 45, 0]:1830
[163, 104, 100, 21, 0]:774
[163, 21, 12, 1, 0]:658
[163, 153, 128, 20, 0]:966
[163, 161, 73, 60, 0]:1065
[163, 161, 86, 54, 0]:1127
[163, 121, 110, 9, 0]:848
[163, 57, 16, 1, 0]:656
[163, 160, 92, 5, 0]:1282
[163, 114, 95, 92, 0]:854
[163, 125, 88, 69, 0]:776
[163, 94, 78, 7, 0]:719
[163, 94, 73, 36, 0]:704
[163, 141, 112, 8, 0]:1066
[163, 161, 92, 28, 0]:1232
[163, 82, 39, 3, 0]:673
[163, 154, 48, 18, 0]:670
[163, 81, 46, 43, 0]:697
[163, 158, 125, 69, 0]:1464
[163, 82, 75, 28, 0]:731
[163, 125, 86, 3, 0]:747
[163, 151, 92, 26, 0]:770
[163, 138, 137, 109, 0]:1237
[163, 114, 70, 61, 0]:737
[163, 99, 74, 16, 0]:708
[163, 97, 28, 18, 0]:655
[163, 142, 74, 30, 0]:705
[163, 132, 76, 50, 0]:734
[163, 102, 38, 28, 0]:665
[163, 129, 80, 40, 0]:653
[163, 117, 98, 89, 0]:838
[163, 114, 16, 14, 0]:676
[163, 113, 55, 44, 0]:684
[163, 147, 50, 1, 0]:876
[163, 148, 35, 26, 0]:683
[163, 129, 109, 107, 0]:957
[163, 86, 44, 1, 0]:681
[163, 156, 134, 23, 0]:1857
[163, 69, 47, 25, 0]:610
[163, 88, 75, 10, 0]:591
[163, 149, 101, 76, 0]:991
[163, 119, 66, 43, 0]:700
[163, 85, 54, 21, 0]:686
[163, 101, 81, 52, 0]:728
[163, 136, 81, 9, 0]:775
[163, 112, 83, 74, 0]:787
[163, 161, 80, 57, 0]:1068
[163, 73, 34, 19, 0]:663
[163, 112, 30, 14, 0]:648
[163, 131, 118, 15, 0]:919
[163, 152, 145, 26, 0]:1712
[163, 147, 78, 43, 0]:929
[163, 133, 35, 12, 0]:652
[163, 55, 34, 4, 0]:673
[163, 107, 72, 1, 0]:705
[163, 134, 54, 47, 0]:805
[163, 151, 118, 99, 0]:1179
[163, 154, 119, 68, 0]:1081
[163, 161, 88, 35, 0]:1079
[163, 74, 49, 39, 0]:692
[163, 154, 129, 41, 0]:1392
[163, 56, 44, 10, 0]:691
[163, 58, 48, 42, 0]:720
[163, 148, 27, 10, 0]:659
[163, 121, 112, 102, 0]:874
[163, 161, 15, 14, 0]:870
[163, 45, 37, 34, 0]:703
[163, 152, 144, 85, 0]:1714
[163, 42, 37, 34, 0]:709
[163, 44, 37, 33, 0]:708
[163, 124, 123, 17, 0]:984
[163, 62, 47, 34, 0]:695
[163, 58, 46, 36, 0]:708
[163, 61, 46, 34, 0]:687
[163, 143, 125, 60, 0]:1065
[163, 157, 70, 37, 0]:1009
[163, 134, 113, 28, 0]:892
[163, 82, 21, 8, 0]:652
[163, 123, 101, 10, 0]:785
[163, 146, 121, 57, 0]:974
[163, 137, 108, 101, 0]:1021
[163, 94, 45, 33, 0]:668
[163, 112, 61, 43, 0]:598
[163, 161, 90, 31, 0]:1176
[163, 128, 86, 43, 0]:657
[163, 82, 64, 3, 0]:712
[163, 134, 123, 83, 0]:815
[163, 131, 109, 24, 0]:850
[163, 161, 102, 86, 0]:1286
[163, 48, 5, 4, 0]:650
[163, 116, 115, 86, 0]:886
[163, 155, 137, 114, 0]:1722
[163, 32, 15, 5, 0]:656
[163, 99, 70, 17, 0]:699
[163, 125, 50, 33, 0]:674
[163, 122, 38, 37, 0]:683
[163, 104, 101, 46, 0]:777
[163, 155, 54, 43, 0]:923
[163, 114, 84, 9, 0]:737
[163, 143, 141, 91, 0]:1340
[163, 137, 133, 59, 0]:975
[163, 91, 44, 5, 0]:653
[163, 150, 118, 47, 0]:925
[163, 64, 57, 9, 0]:714
[163, 155, 118, 90, 0]:1001
[163, 117, 98, 58, 0]:760
[163, 57, 19, 18, 0]:664
[163, 129, 51, 34, 0]:586
[163, 107, 48, 26, 0]:651
[163, 125, 117, 80, 0]:889
[163, 138, 98, 55, 0]:846
[163, 129, 75, 9, 0]:708
[163, 150, 31, 4, 0]:665
[163, 148, 71, 33, 0]:711
[163, 64, 56, 50, 0]:735
[163, 73, 68, 20, 0]:720
[163, 115, 98, 62, 0]:777
[163, 47, 30, 7, 0]:673
[163, 152, 141, 116, 0]:989
[163, 119, 82, 77, 0]:795
[163, 133, 28, 12, 0]:648
[163, 115, 89, 86, 0]:826
[163, 125, 81, 71, 0]:776
[163, 137, 93, 64, 0]:775
[163, 118, 110, 27, 0]:800
[163, 61, 45, 30, 0]:705
[163, 107, 30, 23, 0]:663
[163, 140, 113, 24, 0]:939
[163, 157, 87, 60, 0]:970
[163, 74, 72, 59, 0]:734
[163, 105, 103, 100, 0]:898
[163, 95, 70, 17, 0]:699
[163, 81, 73, 36, 0]:720
[163, 148, 56, 30, 0]:679
[163, 98, 10, 8, 0]:653
[163, 126, 106, 73, 0]:810
[163, 94, 49, 24, 0]:709
[163, 152, 105, 92, 0]:885
[163, 73, 60, 56, 0]:727
[163, 154, 78, 63, 0]:878
[163, 138, 40, 35, 0]:691
[163, 153, 125, 116, 0]:1350
[163, 133, 124, 30, 0]:823
[163, 128, 121, 21, 0]:1024
[163, 161, 38, 1, 0]:942
[163, 142, 89, 84, 0]:855
[163, 95, 89, 22, 0]:752
[163, 149, 103, 21, 0]:822
[163, 145, 127, 6, 0]:656
[163, 150, 141, 52, 0]:1281
[163, 133, 103, 78, 0]:681
[163, 150, 70, 36, 0]:864
[163, 72, 55, 34, 0]:702
[163, 70, 6, 5, 0]:651
[163, 153, 145, 113, 0]:1556
[163, 143, 32, 10, 0]:659
[163, 118, 114, 26, 0]:836
[163, 138, 103, 40, 0]:955
[163, 134, 49, 2, 0]:802
[163, 157, 88, 12, 0]:824
[163, 161, 56, 42, 0]:941
[163, 154, 101, 83, 0]:737
[163, 97, 55, 33, 0]:664
[163, 61, 47, 26, 0]:691
[163, 132, 17, 7, 0]:648
[163, 123, 74, 44, 0]:718
[163, 142, 108, 11, 0]:852
[163, 72, 58, 4, 0]:711
[163, 110, 88, 17, 0]:750
[163, 124, 75, 57, 0]:735
[163, 78, 69, 24, 0]:714
[163, 153, 148, 86, 0]:1010
[163, 58, 36, 6, 0]:672
[163, 117, 64, 54, 0]:718
[163, 156, 46, 14, 0]:670
[163, 45, 12, 10, 0]:655
[163, 116, 69, 34, 0]:602
[163, 125, 86, 24, 0]:760
[163, 150, 121, 105, 0]:1137
[163, 159, 133, 30, 0]:1433
[163, 85, 82, 36, 0]:731
[163, 120, 94, 91, 0]:847
[163, 141, 101, 46, 0]:801
[163, 102, 101, 52, 0]:774
[163, 115, 109, 90, 0]:890
[163, 146, 118, 63, 0]:989
[163, 161, 113, 3, 0]:1460
[163, 94, 20, 12, 0]:651
[163, 76, 49, 10, 0]:687
[163, 154, 126, 103, 0]:1282
[163, 60, 38, 1, 0]:678
[163, 123, 66, 49, 0]:721
[163, 70, 52, 43, 0]:713
[163, 129, 117, 102, 0]:1012
[163, 145, 132, 63, 0]:1111
[163, 84, 9, 1, 0]:648
[163, 130, 119, 83, 0]:960
[163, 105, 102, 87, 0]:838
[163, 152, 106, 5, 0]:949
[163, 145, 119, 33, 0]:960
[163, 85, 84, 54, 0]:761
[163, 151, 118, 1, 0]:1106
[163, 140, 85, 65, 0]:770
[163, 136, 69, 53, 0]:726
[163, 108, 106, 25, 0]:801
[163, 150, 130, 7, 0]:1315
[163, 160, 109, 66, 0]:1375
[163, 159, 133, 15, 0]:1828
[163, 95, 46, 5, 0]:658
[163, 159, 109, 29, 0]:1300
[163, 145, 43, 28, 0]:684
[163, 82, 61, 43, 0]:711
[163, 154, 144, 86, 0]:1764
[163, 157, 105, 51, 0]:952
[163, 159, 133, 12, 0]:1706
[163, 143, 54, 46, 0]:718
[163, 149, 143, 13, 0]:1729
[163, 161, 120, 92, 0]:1638
[163, 159, 14, 2, 0]:720
[163, 143, 138, 106, 0]:1276
[163, 133, 132, 5, 0]:1078
[163, 89, 82, 23, 0]:735
[163, 83, 67, 42, 0]:728
[163, 148, 138, 13, 0]:1298
[163, 135, 128, 5, 0]:1027
[163, 141, 94, 70, 0]:802
[163, 110, 102, 89, 0]:838
[163, 161, 124, 68, 0]:1637
[163, 99, 74, 20, 0]:704
[163, 88, 57, 37, 0]:689
[163, 133, 53, 48, 0]:810
[163, 56, 3, 2, 0]:649
[163, 103, 96, 77, 0]:812
[163, 91, 75, 14, 0]:721
[163, 115, 106, 55, 0]:790
[163, 144, 121, 119, 0]:1202
[163, 135, 78, 55, 0]:830
[163, 98, 75, 43, 0]:704
[163, 153, 132, 91, 0]:1144
[163, 56, 50, 31, 0]:703
[163, 111, 102, 3, 0]:794
[163, 158, 132, 7, 0]:2087
[163, 133, 101, 66, 0]:804
[163, 153, 124, 36, 0]:1096
[163, 153, 135, 10, 0]:1184
[163, 158, 141, 61, 0]:2148
[163, 70, 36, 21, 0]:671
[163, 125, 76, 26, 0]:689
[163, 146, 131, 49, 0]:1137
[163, 147, 122, 44, 0]:990
[163, 158, 38, 9, 0]:930
[163, 128, 98, 91, 0]:851
[163, 98, 56, 54, 0]:710
[163, 94, 93, 91, 0]:840
[163, 151, 122, 101, 0]:1242
[163, 137, 87, 38, 0]:744
[163, 145, 125, 104, 0]:1142
[163, 141, 124, 26, 0]:1020
[163, 125, 100, 41, 0]:773
[163, 133, 57, 24, 0]:674
[163, 106, 82, 18, 0]:736
[163, 110, 45, 29, 0]:660
[163, 133, 85, 52, 0]:753
[163, 83, 78, 55, 0]:757
