[20, 10, 7, 6, 0]:70
[20, 15, 10, 5, 0]:34
[20, 18, 16, 5, 0]:88
[20, 19, 4, 3, 0]:78
[20, 12, 11, 4, 0]:76
[20, 16, 9, 1, 0]:83
[20, 13, 8, 7, 0]:73
[20, 15, 11, 2, 0]:81
[20, 18, 13, 10, 0]:97
[20, 11, 10, 4, 0]:67
[20, 17, 12, 10, 0]:91
[20, 15, 9, 2, 0]:88
[20, 19, 8, 4, 0]:91
[20, 14, 3, 1, 0]:78
[20, 12, 11, 10, 0]:70
[20, 17, 9, 8, 0]:84
[20, 12, 8, 3, 0]:69
[20, 12, 11, 1, 0]:69
[20, 10, 9, 2, 0]:73
[20, 14, 9, 3, 0]:70
[20, 17, 11, 8, 0]:65
[20, 11, 7, 4, 0]:73
[20, 13, 9, 1, 0]:88
[20, 10, 8, 7, 0]:71
[20, 11, 9, 3, 0]:70
[20, 18, 9, 5, 0]:81
[20, 8, 6, 1, 0]:80
[20, 7, 6, 4, 0]:79
[20, 11, 6, 1, 0]:73
[20, 19, 9, 2, 0]:87
[20, 11, 5, 3, 0]:80
[20, 13, 10, 5, 0]:65
[20, 8, 7, 1, 0]:64
[20, 19, 11, 3, 0]:98
[20, 11, 4, 1, 0]:78
[20, 9, 5, 3, 0]:79
[20, 9, 4, 1, 0]:78
[20, 6, 4, 1, 0]:80
[20, 13, 9, 8, 0]:87
[20, 17, 15, 9, 0]:95
[20, 19, 15, 10, 0]:92
[20, 11, 8, 5, 0]:77
[20, 19, 12, 10, 0]:97
[20, 17, 11, 2, 0]:81
[20, 15, 8, 7, 0]:80
[20, 15, 10, 7, 0]:63
[20, 19, 14, 9, 0]:98
[20, 12, 11, 7, 0]:83
[20, 19, 12, 8, 0]:101
[20, 19, 7, 6, 0]:78
[20, 16, 13, 5, 0]:91
[20, 18, 11, 8, 0]:98
[20, 3, 2, 1, 0]:56
[20, 16, 6, 5, 0]:86
[20, 17, 15, 14, 0]:96
[20, 19, 10, 5, 0]:81
[20, 16, 12, 7, 0]:72
[20, 13, 12, 7, 0]:80
[20, 16, 15, 5, 0]:84
[20, 14, 13, 12, 0]:88
[20, 18, 4, 1, 0]:88
[20, 15, 12, 8, 0]:84
[20, 17, 15, 5, 0]:89
[20, 15, 14, 4, 0]:90
[20, 13, 11, 10, 0]:78
[20, 12, 11, 8, 0]:77
[20, 15, 12, 5, 0]:68
[20, 15, 11, 7, 0]:89
[20, 17, 14, 3, 0]:54
[20, 14, 9, 4, 0]:77
[20, 14, 13, 1, 0]:76
[20, 13, 8, 4, 0]:73
[20, 12, 11, 3, 0]:69
[20, 13, 11, 3, 0]:89
[20, 12, 9, 3, 0]:73
[20, 15, 4, 2, 0]:78
[20, 13, 7, 2, 0]:73
[20, 15, 5, 3, 0]:63
[20, 13, 4, 3, 0]:78
[20, 12, 4, 1, 0]:69
[20, 11, 4, 3, 0]:78
[20, 8, 4, 3, 0]:66
[20, 10, 5, 1, 0]:63
[20, 6, 5, 2, 0]:77
[20, 6, 5, 3, 0]:71
[20, 9, 5, 1, 0]:70
[20, 9, 2, 1, 0]:70
[20, 6, 2, 1, 0]:71
[20, 16, 13, 9, 0]:76
[20, 4, 2, 1, 0]:71
[20, 16, 9, 8, 0]:75
[20, 19, 14, 4, 0]:101
[20, 19, 8, 3, 0]:97
[20, 18, 15, 2, 0]:96
[20, 19, 15, 2, 0]:90
[20, 16, 14, 3, 0]:93
[20, 19, 13, 2, 0]:86
[20, 19, 13, 3, 0]:104
[20, 19, 10, 3, 0]:93
[20, 16, 12, 1, 0]:77
[20, 17, 10, 3, 0]:71
[20, 17, 6, 4, 0]:83
[20, 17, 10, 1, 0]:87
[20, 18, 5, 2, 0]:75
[20, 17, 6, 3, 0]:60
[20, 17, 9, 1, 0]:84
[20, 18, 5, 1, 0]:79
[20, 18, 2, 1, 0]:72
[20, 16, 5, 1, 0]:70
[20, 16, 2, 1, 0]:77
[20, 10, 7, 2, 0]:68
[20, 19, 16, 14, 0]:107
[20, 19, 18, 11, 0]:94
[20, 17, 16, 12, 0]:100
[20, 16, 7, 3, 0]:73
[20, 19, 16, 8, 0]:104
[20, 19, 16, 9, 0]:112
[20, 19, 18, 4, 0]:89
[20, 19, 17, 6, 0]:102
[20, 19, 18, 2, 0]:86
[20, 18, 3, 2, 0]:72
[20, 18, 17, 2, 0]:84
[20, 19, 18, 1, 0]:60
[20, 16, 14, 13, 0]:89
[20, 17, 16, 1, 0]:88
[20, 17, 7, 1, 0]:79
[20, 18, 7, 1, 0]:86
[20, 13, 12, 5, 0]:71
[20, 15, 8, 5, 0]:64
[20, 19, 18, 16, 0]:74
[20, 19, 2, 1, 0]:67
[20, 16, 4, 3, 0]:71
[20, 10, 8, 3, 0]:73
[20, 18, 13, 7, 0]:100
[20, 16, 12, 11, 0]:77
[20, 12, 8, 1, 0]:71
[20, 17, 16, 7, 0]:104
[20, 16, 6, 1, 0]:87
[20, 16, 15, 11, 0]:77
[20, 12, 8, 5, 0]:68
[20, 19, 15, 11, 0]:109
[20, 11, 10, 9, 0]:68
[20, 13, 9, 5, 0]:74
[20, 17, 9, 7, 0]:89
[20, 19, 16, 11, 0]:106
[20, 17, 16, 4, 0]:102
