[15, 13, 11, 2, 0]:40
[20, 17, 14, 3, 0]:54
[44, 37, 30, 7, 0]:122
[55, 47, 39, 8, 0]:154
[60, 51, 42, 9, 0]:168
[85, 72, 59, 13, 0]:239
[92, 77, 62, 15, 0]:258
[97, 82, 67, 15, 0]:273
[100, 85, 70, 15, 0]:282
[109, 92, 75, 17, 0]:307
[110, 93, 76, 17, 0]:310
[122, 103, 84, 19, 0]:344
[148, 127, 106, 21, 0]:420
[180, 153, 126, 27, 0]:510
[211, 180, 149, 31, 0]:599
[214, 181, 148, 33, 0]:606
[220, 185, 150, 35, 0]:622
[220, 187, 154, 33, 0]:624
[221, 188, 155, 33, 0]:627
[235, 197, 159, 38, 0]:664
[254, 217, 180, 37, 0]:722
[260, 217, 174, 43, 0]:734
[260, 219, 178, 41, 0]:736
[262, 221, 180, 41, 0]:742
[276, 231, 186, 45, 0]:780
[281, 238, 195, 43, 0]:797
[284, 241, 198, 43, 0]:806
[300, 255, 210, 45, 0]:852
[321, 274, 227, 47, 0]:913
[324, 271, 218, 53, 0]:916
[330, 279, 228, 51, 0]:936
[331, 281, 231, 50, 0]:940
[355, 297, 239, 58, 0]:1004
[356, 299, 242, 57, 0]:1008
[366, 309, 252, 57, 0]:1038
[373, 315, 257, 58, 0]:1058
[380, 317, 254, 63, 0]:1074
[383, 327, 271, 56, 0]:1090
[387, 325, 263, 62, 0]:1096
[401, 341, 281, 60, 0]:1140
[415, 354, 293, 61, 0]:1181
[423, 358, 293, 65, 0]:1201
[423, 362, 301, 61, 0]:1205
[436, 371, 306, 65, 0]:1240
[436, 373, 310, 63, 0]:1242
[450, 379, 308, 71, 0]:1276
[457, 390, 323, 67, 0]:1301
[475, 404, 333, 71, 0]:1351
[477, 407, 337, 70, 0]:1358
[487, 407, 327, 80, 0]:1378
[500, 425, 350, 75, 0]:1422
[509, 427, 345, 82, 0]:1442
[510, 437, 364, 73, 0]:1454
[534, 449, 364, 85, 0]:1514
[540, 459, 378, 81, 0]:1536
[561, 481, 401, 80, 0]:1600
[566, 485, 404, 81, 0]:1614
[579, 485, 391, 94, 0]:1640
[580, 489, 398, 91, 0]:1646
[598, 505, 412, 93, 0]:1698
[620, 527, 434, 93, 0]:1764
[642, 543, 444, 99, 0]:1824
[660, 561, 462, 99, 0]:1878
[691, 581, 471, 110, 0]:1960
[694, 581, 468, 113, 0]:1966
[731, 613, 495, 118, 0]:2072
[743, 622, 501, 121, 0]:2105
[747, 625, 503, 122, 0]:2116
[758, 649, 540, 109, 0]:2162
[775, 651, 527, 124, 0]:2198
[780, 657, 534, 123, 0]:2214
[797, 680, 563, 117, 0]:2271
[804, 677, 550, 127, 0]:2282
[811, 684, 557, 127, 0]:2303
[813, 683, 553, 130, 0]:2306
[815, 687, 559, 128, 0]:2314
[820, 697, 574, 123, 0]:2334
[821, 703, 585, 118, 0]:2342
[823, 687, 551, 136, 0]:2330
[828, 693, 558, 135, 0]:2346
[852, 723, 594, 129, 0]:2424
[871, 735, 599, 136, 0]:2474
[873, 730, 587, 143, 0]:2473
[876, 733, 590, 143, 0]:2482
[894, 761, 628, 133, 0]:2546
[900, 765, 630, 135, 0]:2562
[935, 787, 639, 148, 0]:2654
[957, 815, 673, 142, 0]:2726
[971, 824, 677, 147, 0]:2763
[972, 813, 654, 159, 0]:2754
[978, 835, 692, 143, 0]:2788
[990, 837, 684, 153, 0]:2814
[1010, 847, 684, 163, 0]:2864
[1012, 851, 690, 161, 0]:2872
[1033, 862, 691, 171, 0]:2925
[1037, 887, 737, 150, 0]:2958
[1045, 879, 713, 166, 0]:2966
[1068, 897, 726, 171, 0]:3030
[1087, 907, 727, 180, 0]:3078
[1087, 910, 733, 177, 0]:3081
[1097, 922, 747, 175, 0]:3113
[1098, 927, 756, 171, 0]:3120
[1100, 925, 750, 175, 0]:3122
[1100, 935, 770, 165, 0]:3132
[1115, 933, 751, 182, 0]:3160
[1116, 935, 754, 181, 0]:3164
[1123, 937, 751, 186, 0]:3180
[1131, 944, 757, 187, 0]:3203
[1140, 951, 762, 189, 0]:3228
[1178, 983, 788, 195, 0]:3336
[1179, 997, 815, 182, 0]:3352
[1191, 1015, 839, 176, 0]:3394
[1210, 1023, 836, 187, 0]:3440
[1215, 1031, 847, 184, 0]:3458
[1235, 1036, 837, 199, 0]:3503
[1249, 1069, 889, 180, 0]:3564
[1254, 1061, 868, 193, 0]:3566
[1259, 1056, 853, 203, 0]:3571
[1265, 1081, 897, 184, 0]:3608
[1282, 1087, 892, 195, 0]:3648
[1300, 1085, 870, 215, 0]:3682
[1303, 1107, 911, 196, 0]:3710
[1308, 1113, 918, 195, 0]:3726
[1308, 1119, 930, 189, 0]:3732
