[283, 126, 71, 55, 0]:1040
[283, 167, 102, 65, 0]:1176
[283, 94, 91, 3, 0]:943
[283, 172, 151, 21, 0]:1077
[283, 142, 77, 65, 0]:1062
[283, 223, 193, 30, 0]:1033
[283, 162, 155, 7, 0]:1049
[283, 194, 129, 65, 0]:1128
[283, 168, 158, 10, 0]:1067
[283, 58, 30, 28, 0]:931
[283, 178, 171, 7, 0]:1101
[283, 58, 47, 11, 0]:923
[283, 172, 111, 61, 0]:847
[283, 210, 143, 67, 0]:1126
[283, 138, 111, 27, 0]:1035
[283, 204, 197, 7, 0]:1198
[283, 199, 157, 42, 0]:929
[283, 104, 99, 5, 0]:957
[283, 161, 83, 78, 0]:1128
[283, 153, 107, 46, 0]:1088
[283, 150, 77, 73, 0]:1089
[283, 190, 99, 91, 0]:1205
[283, 177, 165, 12, 0]:1094
[283, 118, 88, 30, 0]:1077
[283, 99, 97, 2, 0]:946
[283, 224, 161, 63, 0]:1170
[283, 190, 169, 21, 0]:1144
[283, 262, 199, 63, 0]:1250
[283, 222, 217, 5, 0]:1364
[283, 174, 151, 23, 0]:1083
[283, 216, 111, 105, 0]:1196
[283, 103, 90, 13, 0]:960
[283, 246, 191, 55, 0]:1367
[283, 118, 93, 25, 0]:1025
[283, 118, 101, 17, 0]:995
[283, 240, 193, 47, 0]:1378
[283, 188, 177, 11, 0]:1132
[283, 188, 101, 87, 0]:1195
[283, 228, 143, 85, 0]:1133
[283, 214, 168, 46, 0]:1186
[283, 187, 181, 6, 0]:1128
[283, 172, 155, 17, 0]:1077
[283, 132, 97, 35, 0]:1097
[283, 139, 129, 10, 0]:1002
[283, 170, 159, 11, 0]:1073
[283, 146, 105, 41, 0]:1099
[283, 118, 85, 33, 0]:1077
[283, 145, 99, 46, 0]:1080
[283, 222, 163, 59, 0]:1174
[283, 112, 91, 21, 0]:997
[283, 252, 153, 99, 0]:1173
[283, 150, 136, 14, 0]:1022
[283, 228, 183, 45, 0]:1321
[283, 177, 142, 35, 0]:1058
[283, 163, 133, 30, 0]:1067
[283, 262, 149, 113, 0]:1162
[283, 194, 159, 35, 0]:969
[283, 193, 175, 18, 0]:1170
[283, 264, 181, 83, 0]:1331
[283, 42, 29, 13, 0]:929
[283, 250, 133, 117, 0]:1192
[283, 228, 206, 22, 0]:1355
[283, 264, 227, 37, 0]:1917
[283, 270, 201, 69, 0]:1545
[283, 135, 74, 61, 0]:993
[283, 132, 89, 43, 0]:1067
[283, 262, 183, 79, 0]:1340
[283, 244, 166, 78, 0]:1010
[283, 130, 95, 35, 0]:1091
[283, 244, 227, 17, 0]:1587
[283, 270, 203, 67, 0]:1684
[283, 196, 113, 83, 0]:1155
[283, 180, 115, 65, 0]:1131
[283, 208, 178, 30, 0]:1229
[283, 257, 251, 6, 0]:2090
[283, 256, 185, 71, 0]:1342
[283, 47, 33, 14, 0]:950
[283, 273, 195, 78, 0]:1603
[283, 200, 161, 39, 0]:967
[283, 276, 191, 85, 0]:1414
