[19, 15, 14, 13, 12, 11, 10, 9, 8, 7, 6, 5, 2, 1]:92
[19, 15, 14, 13, 12, 11, 10, 9, 8, 7, 6, 2, 1, 0]:102
[19, 15, 14, 13, 12, 11, 10, 9, 8, 7, 6, 3]:89
[19, 16, 15, 14, 13, 12, 11, 10, 9, 8, 7, 6, 5, 3, 0]:96
[19, 15, 14, 13, 12, 11, 10, 9, 8, 7, 6, 5, 2, 1, 0]:96
[19, 15, 14, 13, 12, 11, 10, 9, 8, 7, 6, 5, 3]:86
[19, 15, 14, 13, 12, 11, 10, 9, 8, 7, 6, 3, 0]:102
[19, 16, 15, 14, 13, 12, 11, 10, 9, 8, 7, 6, 3, 1]:93
[19, 15, 14, 13, 12, 11, 10, 9, 8, 7, 6, 5, 3, 0]:98
[19, 15, 14, 13, 12, 11, 10, 9, 8, 7, 6, 3, 1]:98
[19, 17, 15, 14, 13, 12, 11, 10, 9, 8, 7, 6, 5, 3, 2, 0]:91
[19, 15, 14, 13, 12, 11, 10, 9, 8, 7, 6, 5, 3, 1]:96
[19, 15, 14, 13, 12, 11, 10, 9, 8, 7, 6, 3, 1, 0]:103
[19, 16, 15, 14, 13, 12, 11, 10, 9, 8, 7, 6, 5, 3, 1]:96
[19, 15, 14, 13, 12, 11, 10, 9, 8, 7, 6, 5, 3, 2]:93
[19, 16, 15, 14, 13, 12, 11, 10, 9, 8, 7, 6, 3, 1, 0]:93
[19, 15, 14, 13, 12, 11, 10, 9, 8, 7, 6, 3, 2]:92
[19, 15, 14, 13, 12, 11, 10, 9, 8, 7, 6, 5, 3, 2, 0]:97
[19, 15, 14, 13, 12, 11, 10, 9, 8, 7, 6, 5, 3, 2, 1]:66
[19, 17, 15, 14, 13, 12, 11, 10, 9, 8, 7, 6, 3, 2, 1]:92
[19, 15, 14, 13, 12, 11, 10, 9, 8, 7, 6, 3, 2, 0]:102
[19, 16, 15, 14, 13, 12, 11, 10, 9, 8, 7, 6, 3, 2]:91
[19, 15, 14, 13, 12, 11, 10, 9, 8, 7, 6, 5, 3, 2, 1, 0]:98
[19, 16, 15, 14, 13, 12, 11, 10, 9, 8, 7, 6, 5, 3, 1, 0]:99
[19, 15, 14, 13, 12, 11, 10, 9, 8, 7, 6, 3, 2, 1]:94
[19, 15, 14, 13, 12, 11, 10, 9, 8, 7, 6, 5, 4]:83
[19, 16, 15, 14, 13, 12, 11, 10, 9, 8, 7, 6, 3, 2, 0]:96
[19, 15, 14, 13, 12, 11, 10, 9, 8, 7, 6, 3, 2, 1, 0]:100
[19, 15, 14, 13, 12, 11, 10, 9, 8, 7, 6, 4]:85
[19, 15, 14, 13, 12, 11, 10, 9, 8, 7, 6, 5, 4, 0]:100
[19, 16, 15, 14, 13, 12, 11, 10, 9, 8, 7, 6, 5, 3, 2]:64
[19, 15, 14, 13, 12, 11, 10, 9, 8, 7, 6, 4, 0]:99
[19, 15, 14, 13, 12, 11, 10, 9, 8, 7, 6, 5, 4, 1]:94
[19, 16, 15, 14, 13, 12, 11, 10, 9, 8, 7, 6, 3, 2, 1]:92
[19, 17, 15, 14, 13, 12, 11, 10, 9, 8, 7, 6, 5, 3, 2, 1]:82
[19, 15, 14, 13, 12, 11, 10, 9, 8, 7, 6, 4, 1]:98
[19, 15, 14, 13, 12, 11, 10, 9, 8, 7, 6, 5, 4, 1, 0]:104
[19, 16, 15, 14, 13, 12, 11, 10, 9, 8, 7, 6, 5, 3, 2, 0]:91
[19, 15, 14, 13, 12, 11, 10, 9, 8, 7, 6, 5, 4, 2]:93
[19, 15, 14, 13, 12, 11, 10, 9, 8, 7, 6, 4, 1, 0]:97
[19, 17, 15, 14, 13, 12, 11, 10, 9, 8, 7, 6, 3, 2, 1, 0]:99
[19, 16, 15, 14, 13, 12, 11, 10, 9, 8, 7, 6, 3, 2, 1, 0]:92
[19, 15, 14, 13, 12, 11, 10, 9, 8, 7, 6, 5, 4, 2, 0]:99
[19, 15, 14, 13, 12, 11, 10, 9, 8, 7, 6, 5, 4, 2, 1]:96
[19, 15, 14, 13, 12, 11, 10, 9, 8, 7, 6, 4, 2]:98
[19, 16, 15, 14, 13, 12, 11, 10, 9, 8, 7, 6, 4]:80
[19, 16, 15, 14, 13, 12, 11, 10, 9, 8, 7, 6, 5, 3, 2, 1]:89
[19, 15, 14, 13, 12, 11, 10, 9, 8, 7, 6, 4, 2, 0]:104
[19, 15, 14, 13, 12, 11, 10, 9, 8, 7, 6, 5, 4, 2, 1, 0]:74
[19, 15, 14, 13, 12, 11, 10, 9, 8, 7, 6, 4, 2, 1]:91
[19, 15, 14, 13, 12, 11, 10, 9, 8, 7, 6, 5, 4, 3]:87
[19, 16, 15, 14, 13, 12, 11, 10, 9, 8, 7, 6, 4, 0]:100
[19, 17, 15, 14, 13, 12, 11, 10, 9, 8, 7, 6, 4]:64
[19, 15, 14, 13, 12, 11, 10, 9, 8, 7, 6, 5, 4, 3, 1]:91
[19, 15, 14, 13, 12, 11, 10, 9, 8, 7, 6, 4, 2, 1, 0]:99
[19, 17, 15, 14, 13, 12, 11, 10, 9, 8, 7, 6, 5, 3, 2, 1, 0]:82
[19, 15, 14, 13, 12, 11, 10, 9, 8, 7, 6, 4, 3]:92
[19, 15, 14, 13, 12, 11, 10, 9, 8, 7, 6, 5, 4, 3, 1, 0]:101
[19, 16, 15, 14, 13, 12, 11, 10, 9, 8, 7, 6, 5, 3, 2, 1, 0]:102
[19, 16, 15, 14, 13, 12, 11, 10, 9, 8, 7, 6, 4, 1]:93
[19, 15, 14, 13, 12, 11, 10, 9, 8, 7, 6, 4, 3, 0]:100
[19, 15, 14, 13, 12, 11, 10, 9, 8, 7, 6, 5, 4, 3, 2]:87
[19, 15, 14, 13, 12, 11, 10, 9, 8, 7, 6, 4, 3, 1]:98
[19, 15, 14, 13, 12, 11, 10, 9, 8, 7, 6, 5, 4, 3, 2, 0]:99
[19, 16, 15, 14, 13, 12, 11, 10, 9, 8, 7, 6, 5, 4]:77
[19, 17, 15, 14, 13, 12, 11, 10, 9, 8, 7, 6, 5, 4]:63
[19, 15, 14, 13, 12, 11, 10, 9, 8, 7, 6, 4, 3, 1, 0]:99
[19, 15, 14, 13, 12, 11, 10, 9, 8, 7, 6, 5, 4, 3, 2, 1]:88
[19, 17, 15, 14, 13, 12, 11, 10, 9, 8, 7, 6, 4, 0]:88
[19, 16, 15, 14, 13, 12, 11, 10, 9, 8, 7, 6, 4, 1, 0]:97
[19, 15, 14, 13, 12, 11, 10, 9, 8, 7, 6, 4, 3, 2]:71
[19, 15, 14, 13, 12, 11, 10, 9, 8, 7, 6, 5, 4, 3, 2, 1, 0]:90
[19, 16]:18
[19, 16, 0]:36
[19, 16, 1]:45
[19, 16, 1, 0]:63
[19, 16, 2]:36
[19, 16, 2, 0]:58
[19, 16, 2, 1]:63
[19, 15, 14, 13, 12, 11, 10, 9, 8, 7, 6, 4, 3, 2, 1]:97
[19, 16, 15, 14, 13, 12, 11, 10, 9, 8, 7, 6, 5, 4, 1]:89
[19, 16, 2, 1, 0]:65
[19, 16, 3]:36
[19, 16, 3, 0]:39
[19, 16, 3, 1]:63
[19, 16, 15, 14, 13, 12, 11, 10, 9, 8, 7, 6, 4, 2]:92
[19, 16, 3, 1, 0]:67
[19, 16, 3, 2]:60
[19, 17, 16, 15, 14, 13, 12, 11, 10, 9, 8, 7, 6, 5, 4]:63
[19, 15, 14, 13, 12, 11, 10, 9, 8, 7, 6, 4, 3, 2, 1, 0]:100
[19, 16, 3, 2, 0]:64
[19, 16, 3, 2, 1]:70
[19, 16, 3, 2, 1, 0]:83
[19, 16, 4]:42
[19, 16, 4, 0]:70
[19, 16, 4, 1]:33
[19, 16, 4, 2]:67
[19, 15, 14, 13, 12, 11, 10, 9, 8, 7, 6, 5]:81
[19, 16, 4, 2, 0]:77
[19, 16, 4, 2, 1]:64
[19, 16, 4, 2, 1, 0]:88
[19, 16, 15, 14, 13, 12, 11, 10, 9, 8, 7, 6, 5, 4, 1, 0]:94
[19, 16, 4, 3]:65
[19, 16, 15, 14, 13, 12, 11, 10, 9, 8, 7, 6, 4, 2, 0]:94
[19, 16, 4, 3, 0]:66
[19, 16, 4, 3, 1]:65
[19, 16, 4, 3, 1, 0]:55
[19, 15, 14, 13, 12, 11, 10, 9, 8, 7, 6, 5, 0]:102
[19, 16, 4, 3, 2]:69
[19, 17, 15, 14, 13, 12, 11, 10, 9, 8, 7, 6, 5, 4, 0]:86
[19, 16, 4, 3, 2, 0]:89
[19, 16, 4, 3, 2, 1]:83
[19, 17, 15, 14, 13, 12, 11, 10, 9, 8, 7, 6, 4, 1]:76
[19, 16, 5]:36
[19, 15, 14, 13, 12, 11, 10, 9, 8, 7, 6, 5, 1]:93
[19, 16, 5, 0]:62
[19, 16, 5, 1]:64
[19, 16, 5, 1, 0]:76
[19, 16, 5, 2]:40
[19, 16, 5, 2, 1]:66
[19, 16, 15, 14, 13, 12, 11, 10, 9, 8, 7, 6, 4, 2, 1]:92
[19, 15, 14, 13, 12, 11, 10, 9, 8, 7, 6, 5, 1, 0]:103
[19, 16, 5, 2, 1, 0]:83
[19, 16, 15, 14, 13, 12, 11, 10, 9, 8, 7, 6, 5, 4, 2]:86
[19, 16, 5, 3]:62
[19, 16, 5, 3, 0]:62
[19, 15, 14, 13, 12, 11, 10, 9, 8, 7, 6, 5, 2]:90
[19, 16, 5, 3, 1]:78
[19, 16, 5, 3, 1, 0]:82
[19, 16, 5, 3, 2]:65
[19, 16, 5, 3, 2, 0]:63
[19, 15, 14, 13, 12, 11, 10, 9, 8, 7, 6, 5, 2, 0]:105
[19, 16, 5, 3, 2, 1]:81
[19, 16, 5, 3, 2, 1, 0]:85
[19, 15, 14, 13, 12, 11, 10, 9, 8, 7, 6, 5, 2, 1]:92
[19, 16, 5, 4]:64
[19, 16, 5, 4, 0]:80
[19, 16, 15, 14, 13, 12, 11, 10, 9, 8, 7, 6, 4, 2, 1, 0]:96
[19, 16, 5, 4, 1]:68
[19, 16, 5, 4, 1, 0]:89
[19, 16, 5, 4, 2]:66
[19, 17, 16, 15, 14, 13, 12, 11, 10, 9, 8, 7, 6, 3, 2, 1]:84
[19, 15, 14, 13, 12, 11, 10, 9, 8, 7, 6, 5, 2, 1, 0]:96
[19, 16, 15, 14, 13, 12, 11, 10, 9, 8, 7, 6, 5, 4, 2, 0]:95
[19, 16, 5, 4, 2, 0]:87
[19, 16, 5, 4, 2, 1]:54
[19, 17, 15, 14, 13, 12, 11, 10, 9, 8, 7, 6, 5, 4, 1]:85
[19, 16, 5, 4, 2, 1, 0]:78
[19, 16, 5, 4, 3]:65
[19, 16, 5, 4, 3, 0]:88
[19, 16, 15, 14, 13, 12, 11, 10, 9, 8, 7, 6, 4, 3]:54
[19, 15, 14, 13, 12, 11, 10, 9, 8, 7, 6, 5, 3]:86
[19, 16, 5, 4, 3, 1]:87
[19, 16, 5, 4, 3, 2]:82
[19, 16, 5, 4, 3, 2, 0]:86
[19, 17, 15, 14, 13, 12, 11, 10, 9, 8, 7, 6, 4, 1, 0]:100
[19, 16, 5, 4, 3, 2, 1]:79
[19, 16, 5, 4, 3, 2, 1, 0]:75
[19, 16, 6]:36
[19, 15, 14, 13, 12, 11, 10, 9, 8, 7, 6, 5, 3, 0]:98
[19, 16, 6, 0]:53
[19, 16, 6, 1]:65
[19, 16, 6, 2]:62
[19, 16, 15, 14, 13, 12, 11, 10, 9, 8, 7, 6, 5, 4, 2, 1]:65
[19, 16, 6, 2, 0]:79
[19, 16, 6, 2, 1]:72
[19, 16, 6, 2, 1, 0]:91
[19, 15, 14, 13, 12, 11, 10, 9, 8, 7, 6, 5, 3, 1]:96
[19, 16, 6, 3]:41
[19, 16, 6, 3, 1]:68
[19, 16, 6, 3, 1, 0]:84
[19, 16, 6, 3, 2]:65
[19, 16, 15, 14, 13, 12, 11, 10, 9, 8, 7, 6, 4, 3, 0]:103
[19, 16, 6, 3, 2, 0]:85
[19, 15, 14, 13, 12, 11, 10, 9, 8, 7, 6, 5, 3, 2]:93
[19, 16, 6, 3, 2, 1]:82
[19, 16, 6, 3, 2, 1, 0]:93
[19, 15, 14, 13, 12, 11, 10, 9, 8, 7, 6, 5, 3, 2, 0]:97
[19, 16, 6, 4]:66
[19, 15, 14, 13, 12, 11, 10, 9, 8, 7, 6, 5, 3, 2, 1]:66
[19, 16, 6, 4, 1]:68
[19, 16, 6, 4, 1, 0]:67
[19, 16, 6, 4, 2]:78
[19, 15, 14, 13, 12, 11, 10, 9, 8, 7, 6, 5, 3, 2, 1, 0]:98
[19, 16, 15, 14, 13, 12, 11, 10, 9, 8, 7, 6, 5, 4, 2, 1, 0]:86
[19, 18, 15, 14, 13, 12, 11, 10, 9, 8, 7, 6, 4, 2]:85
[19, 16, 6, 4, 2, 0]:91
[19, 16, 6, 4, 2, 1]:85
[19, 16, 15, 14, 13, 12, 11, 10, 9, 8, 7, 6, 4, 3, 1]:83
[19, 16, 6, 4, 2, 1, 0]:86
[19, 15, 14, 13, 12, 11, 10, 9, 8, 7, 6, 5, 4]:83
[19, 16, 6, 4, 3]:67
[19, 16, 6, 4, 3, 0]:84
[19, 17, 15, 14, 13, 12, 11, 10, 9, 8, 7, 6, 5, 4, 1, 0]:94
[19, 16, 6, 4, 3, 1]:54
[19, 16, 6, 4, 3, 1, 0]:83
[19, 16, 6, 4, 3, 2]:84
[19, 17, 15, 14, 13, 12, 11, 10, 9, 8, 7, 6, 4, 2]:63
[19, 15, 14, 13, 12, 11, 10, 9, 8, 7, 6, 5, 4, 0]:100
[19, 16, 6, 4, 3, 2, 0]:86
[19, 16, 15, 14, 13, 12, 11, 10, 9, 8, 7, 6, 5, 4, 3]:79
[19, 16, 6, 4, 3, 2, 1]:76
[19, 15, 14, 13, 12, 11, 10, 9, 8, 7, 6, 5, 4, 1]:94
[19, 16, 6, 4, 3, 2, 1, 0]:91
[19, 16, 6, 5]:65
[19, 16, 6, 5, 0]:78
[19, 15, 14, 13, 12, 11, 10, 9, 8, 7, 6, 5, 4, 1, 0]:104
[19, 16, 6, 5, 1]:80
[19, 16, 6, 5, 1, 0]:93
[19, 16, 6, 5, 2]:70
[19, 16, 15, 14, 13, 12, 11, 10, 9, 8, 7, 6, 4, 3, 1, 0]:91
[19, 16, 6, 5, 2, 0]:77
[19, 16, 6, 5, 2, 1]:87
[19, 15, 14, 13, 12, 11, 10, 9, 8, 7, 6, 5, 4, 2]:93
[19, 16, 6, 5, 2, 1, 0]:94
[19, 16, 6, 5, 3]:68
[19, 16, 15, 14, 13, 12, 11, 10, 9, 8, 7, 6, 5, 4, 3, 0]:92
[19, 16, 6, 5, 3, 0]:84
[19, 16, 6, 5, 3, 1]:85
[19, 15, 14, 13, 12, 11, 10, 9, 8, 7, 6, 5, 4, 2, 0]:99
[19, 16, 6, 5, 3, 1, 0]:92
[19, 16, 6, 5, 3, 2]:61
[19, 16, 15, 14, 13, 12, 11, 10, 9, 8, 7, 6, 4, 3, 2]:85
[19, 16, 6, 5, 3, 2, 1]:87
[19, 15, 14, 13, 12, 11, 10, 9, 8, 7, 6, 5, 4, 2, 1]:96
[19, 17, 15, 14, 13, 12, 11, 10, 9, 8, 7, 6, 4, 2, 0]:71
[19, 16, 15, 14, 13, 12, 11, 10, 9, 8, 7, 6, 5, 4, 3, 1]:88
[19, 17, 15, 14, 13, 12, 11, 10, 9, 8, 7, 6, 5, 4, 2]:63
[19, 15, 14, 13, 12, 11, 10, 9, 8, 7, 6, 5, 4, 2, 1, 0]:74
[19, 16, 6, 5, 3, 2, 1, 0]:96
[19, 16, 6, 5, 4]:68
[19, 16, 6, 5, 4, 0]:94
[19, 16, 6, 5, 4, 1]:83
[19, 15, 14, 13, 12, 11, 10, 9, 8, 7, 6, 5, 4, 3]:87
[19, 16, 6, 5, 4, 1, 0]:85
[19, 16, 6, 5, 4, 2]:85
[19, 16, 15, 14, 13, 12, 11, 10, 9, 8, 7, 6, 4, 3, 2, 0]:92
[19, 16, 6, 5, 4, 2, 0]:90
[19, 16, 6, 5, 4, 2, 1]:80
[19, 18, 15, 14, 13, 12, 11, 10, 9, 8, 7, 6, 5, 4, 2]:75
[19, 16, 6, 5, 4, 2, 1, 0]:83
[19, 15, 14, 13, 12, 11, 10, 9, 8, 7, 6, 5, 4, 3, 1]:91
[19, 16, 15, 14, 13, 12, 11, 10, 9, 8, 7, 6, 5, 4, 3, 1, 0]:69
[19, 16, 6, 5, 4, 3]:80
[19, 16, 6, 5, 4, 3, 0]:92
[19, 16, 6, 5, 4, 3, 1]:83
[19, 17, 15, 14, 13, 12, 11, 10, 9, 8, 7, 6, 4, 2, 1]:85
[19, 16, 15, 14, 13, 12, 11, 10, 9, 8, 7, 6, 4, 3, 2, 1]:95
[19, 16, 6, 5, 4, 3, 1, 0]:92
[19, 15, 14, 13, 12, 11, 10, 9, 8, 7, 6, 5, 4, 3, 1, 0]:101
[19, 16, 6, 5, 4, 3, 2]:85
[19, 16, 6, 5, 4, 3, 2, 0]:99
[19, 15, 14, 13, 12, 11, 10, 9, 8, 7, 6, 5, 4, 3, 2]:87
[19, 16, 15, 14, 13, 12, 11, 10, 9, 8, 7, 6, 5, 4, 3, 2]:80
[19, 17, 15, 14, 13, 12, 11, 10, 9, 8, 7, 6, 5, 4, 2, 0]:63
[19, 16, 6, 5, 4, 3, 2, 1]:78
[19, 16, 7]:39
[19, 16, 7, 0]:63
[19, 16, 7, 1]:48
[19, 16, 7, 2]:64
[19, 16, 7, 2, 0]:82
[19, 16, 7, 2, 1]:77
[19, 15, 14, 13, 12, 11, 10, 9, 8, 7, 6, 5, 4, 3, 2, 0]:99
[19, 16, 7, 2, 1, 0]:93
[19, 16, 7, 3]:66
[19, 16, 7, 3, 0]:69
[19, 15, 14, 13, 12, 11, 10, 9, 8, 7, 6, 5, 4, 3, 2, 1]:88
[19, 16, 7, 3, 1]:79
[19, 16, 7, 3, 1, 0]:75
[19, 16, 15, 14, 13, 12, 11, 10, 9, 8, 7, 6, 4, 3, 2, 1, 0]:107
[19, 16, 7, 3, 2]:82
[19, 16, 15, 14, 13, 12, 11, 10, 9, 8, 7, 6, 5, 4, 3, 2, 1]:83
[19, 15, 14, 13, 12, 11, 10, 9, 8, 7, 6, 5, 4, 3, 2, 1, 0]:90
[19, 16, 7, 3, 2, 0]:86
[19, 16]:18
[19, 16, 0]:36
[19, 16, 1]:45
[19, 16, 7, 3, 2, 1]:91
[19, 16, 1, 0]:63
[19, 16, 2]:36
[19, 16, 2, 0]:58
[19, 16, 7, 3, 2, 1, 0]:95
[19, 16, 7, 4]:30
[19, 16, 15, 14, 13, 12, 11, 10, 9, 8, 7, 6, 5]:73
[19, 16, 2, 1]:63
[19, 16, 7, 4, 0]:63
[19, 16, 2, 1, 0]:65
[19, 16, 7, 4, 1]:48
[19, 16, 3]:36
[19, 16, 7, 4, 1, 0]:78
[19, 16, 7, 4, 2]:63
[19, 16, 3, 0]:39
[19, 16, 7, 4, 2, 0]:82
[19, 16, 3, 1]:63
[19, 16, 3, 1, 0]:67
[19, 16, 7, 4, 2, 1]:78
[19, 16, 3, 2]:60
[19, 16, 7, 4, 2, 1, 0]:92
[19, 16, 3, 2, 0]:64
[19, 17, 15, 14, 13, 12, 11, 10, 9, 8, 7, 6, 5, 4, 2, 1]:83
[19, 16, 7, 4, 3]:63
[19, 16, 7, 4, 3, 0]:53
[19, 17, 15, 14, 13, 12, 11, 10, 9, 8, 7, 6, 4, 2, 1, 0]:91
[19, 16, 7, 4, 3, 1]:80
[19, 16, 7, 4, 3, 1, 0]:72
[19, 16, 3, 2, 1]:70
[19, 16, 3, 2, 1, 0]:83
[19, 16, 4]:42
[19, 16, 7, 4, 3, 2]:83
[19, 16, 15, 14, 13, 12, 11, 10, 9, 8, 7, 6, 5, 4, 3, 2, 1, 0]:84
[19, 16, 15, 14, 13, 12, 11, 10, 9, 8, 7, 6, 5, 0]:92
[19, 17]:18
[19, 17, 0]:36
[19, 16, 7, 4, 3, 2, 0]:84
[19, 16, 4, 0]:70
[19, 16, 7, 4, 3, 2, 1]:91
[19, 17, 1]:48
[19, 16, 4, 1]:33
[19, 17, 16, 15, 14, 13, 12, 11, 10, 9, 8, 7, 6, 4]:61
[19, 16, 4, 2]:67
[19, 16, 7, 4, 3, 2, 1, 0]:96
[19, 17, 1, 0]:59
[19, 16, 7, 5]:65
[19, 16, 4, 2, 0]:77
[19, 17, 2]:36
[19, 16, 4, 2, 1]:64
[19, 16, 7, 5, 0]:83
[19, 17, 2, 0]:38
[19, 16, 7, 5, 1]:81
[19, 16, 4, 2, 1, 0]:88
[19, 16, 15, 14, 13, 12, 11, 10, 9, 8, 7, 6, 5, 1]:99
[19, 16, 4, 3]:65
[19, 17, 2, 1]:65
[19, 16, 4, 3, 0]:66
[19, 16, 7, 5, 1, 0]:98
[19, 16, 4, 3, 1]:65
[19, 16, 7, 5, 2]:68
[19, 16, 4, 3, 1, 0]:55
[19, 17, 2, 1, 0]:67
[19, 16, 7, 5, 2, 0]:89
[19, 17, 3]:46
[19, 16, 7, 5, 2, 1]:76
[19, 16, 4, 3, 2]:69
[19, 17, 3, 0]:70
[19, 16, 7, 5, 2, 1, 0]:94
[19, 16, 4, 3, 2, 0]:89
[19, 17, 3, 1]:34
[19, 16, 15, 14, 13, 12, 11, 10, 9, 8, 7, 6, 5, 2]:86
[19, 16, 7, 5, 3]:78
[19, 16, 4, 3, 2, 1]:83
[19, 17, 3, 1, 0]:66
[19, 16, 5]:36
[19, 16, 7, 5, 3, 0]:89
[19, 17, 15, 14, 13, 12, 11, 10, 9, 8, 7, 6, 4, 3]:81
[19, 17, 3, 2]:65
[19, 16, 5, 0]:62
[19, 17, 3, 2, 0]:67
[19, 16, 7, 5, 3, 1]:91
[19, 16, 5, 1]:64
[19, 16, 7, 5, 3, 1, 0]:98
[19, 17, 3, 2, 1]:66
[19, 17, 3, 2, 1, 0]:55
[19, 16, 5, 1, 0]:76
[19, 17, 4]:36
[19, 16, 7, 5, 3, 2]:83
[19, 16, 5, 2]:40
[19, 16, 5, 2, 1]:66
[19, 17, 4, 0]:50
[19, 16, 7, 5, 3, 2, 0]:84
[19, 16, 5, 2, 1, 0]:83
[19, 17, 4, 1]:62
[19, 17, 4, 1, 0]:77
[19, 16, 5, 3]:62
[19, 17, 4, 2]:39
[19, 16, 15, 14, 13, 12, 11, 10, 9, 8, 7, 6, 5, 2, 0]:96
[19, 16, 5, 3, 0]:62
[19, 16, 7, 5, 3, 2, 1]:92
[19, 17, 4, 2, 0]:56
[19, 16, 5, 3, 1]:78
[19, 16, 5, 3, 1, 0]:82
[19, 17, 4, 2, 1]:63
[19, 16, 5, 3, 2]:65
[19, 16, 7, 5, 3, 2, 1, 0]:86
[19, 17, 4, 2, 1, 0]:78
[19, 16, 5, 3, 2, 0]:63
[19, 16, 7, 5, 4]:64
[19, 17, 15, 14, 13, 12, 11, 10, 9, 8, 7, 6, 5, 4, 2, 1, 0]:84
[19, 17, 4, 3]:59
[19, 16, 5, 3, 2, 1]:81
[19, 17, 16, 15, 14, 13, 12, 11, 10, 9, 8, 7, 6, 5, 4, 0]:91
[19, 16, 7, 5, 4, 0]:85
[19, 17, 4, 3, 0]:78
[19, 16, 7, 5, 4, 1]:82
[19, 17, 4, 3, 1]:69
[19, 16, 5, 3, 2, 1, 0]:85
[19, 16, 7, 5, 4, 1, 0]:94
[19, 16, 5, 4]:64
[19, 17, 4, 3, 1, 0]:62
[19, 17, 15, 14, 13, 12, 11, 10, 9, 8, 7, 6, 4, 3, 0]:96
[19, 16, 5, 4, 0]:80
[19, 16, 7, 5, 4, 2]:53
[19, 16, 15, 14, 13, 12, 11, 10, 9, 8, 7, 6, 5, 2, 1]:93
[19, 16, 5, 4, 1]:68
[19, 17, 4, 3, 2]:63
[19, 17, 4, 3, 2, 0]:82
[19, 16, 7, 5, 4, 2, 1]:72
[19, 17, 4, 3, 2, 1]:54
[19, 16, 5, 4, 1, 0]:89
[19, 16, 7, 5, 4, 2, 1, 0]:94
[19, 17, 4, 3, 2, 1, 0]:75
[19, 16, 5, 4, 2]:66
[19, 16, 7, 5, 4, 3]:84
[19, 17, 5]:44
[19, 16, 7, 5, 4, 3, 0]:87
[19, 16, 5, 4, 2, 0]:87
[19, 16, 5, 4, 2, 1]:54
[19, 17, 5, 0]:72
[19, 17, 5, 1]:50
[19, 16, 7, 5, 4, 3, 1]:81
[19, 16, 5, 4, 2, 1, 0]:78
[19, 16, 7, 5, 4, 3, 1, 0]:94
[19, 16, 7, 5, 4, 3, 2]:82
[19, 17, 5, 1, 0]:84
[19, 16, 5, 4, 3]:65
[19, 16, 7, 5, 4, 3, 2, 0]:73
[19, 16, 15, 14, 13, 12, 11, 10, 9, 8, 7, 6, 5, 2, 1, 0]:104
[19, 16, 5, 4, 3, 0]:88
[19, 17, 5, 2]:71
[19, 16, 7, 5, 4, 3, 2, 1]:96
[19, 17, 5, 2, 0]:70
[19, 16, 5, 4, 3, 1]:87
[19, 16, 7, 5, 4, 3, 2, 1, 0]:88
[19, 16, 7, 6]:64
[19, 16, 7, 6, 1]:83
[19, 16, 5, 4, 3, 2]:82
[19, 17, 5, 2, 1]:83
[19, 16, 7, 6, 1, 0]:85
[19, 16, 5, 4, 3, 2, 0]:86
[19, 17, 5, 2, 1, 0]:72
[19, 16, 5, 4, 3, 2, 1]:79
[19, 17, 5, 3]:32
[19, 17, 15, 14, 13, 12, 11, 10, 9, 8, 7, 6, 5, 4, 3]:62
[19, 16, 15, 14, 13, 12, 11, 10, 9, 8, 7, 6, 5, 3]:86
[19, 16, 7, 6, 2]:73
[19, 17, 5, 3, 0]:66
[19, 16, 5, 4, 3, 2, 1, 0]:75
[19, 17, 5, 3, 1]:58
[19, 16, 6]:36
[19, 17, 15, 14, 13, 12, 11, 10, 9, 8, 7, 6, 4, 3, 1]:87
[19, 16, 7, 6, 2, 0]:90
[19, 17, 5, 3, 1, 0]:85
[19, 16, 6, 0]:53
[19, 17, 5, 3, 2]:66
[19, 16, 7, 6, 2, 1]:95
[19, 16, 6, 1]:65
[19, 17, 5, 3, 2, 0]:53
[19, 16, 6, 2]:62
[19, 16, 6, 2, 0]:79
[19, 16, 7, 6, 2, 1, 0]:99
[19, 17, 5, 3, 2, 1]:83
[19, 16, 7, 6, 3]:67
[19, 16, 6, 2, 1]:72
[19, 16, 7, 6, 3, 0]:77
[19, 16, 6, 2, 1, 0]:91
[19, 16, 7, 6, 3, 1]:75
[19, 17, 5, 4]:65
[19, 16, 6, 3]:41
[19, 16, 6, 3, 1]:68
[19, 16, 7, 6, 3, 1, 0]:90
[19, 17, 5, 4, 1]:82
[19, 16, 7, 6, 3, 2]:85
[19, 17, 5, 4, 1, 0]:74
[19, 16, 15, 14, 13, 12, 11, 10, 9, 8, 7, 6, 5, 3, 0]:96
[19, 16, 6, 3, 1, 0]:84
[19, 16, 7, 6, 3, 2, 0]:92
[19, 17, 5, 4, 2]:65
[19, 16, 6, 3, 2]:65
[19, 16, 6, 3, 2, 0]:85
[19, 16, 6, 3, 2, 1]:82
[19, 16, 7, 6, 3, 2, 1]:95
[19, 17, 5, 4, 2, 0]:87
[19, 16, 6, 3, 2, 1, 0]:93
[19, 16, 7, 6, 3, 2, 1, 0]:98
[19, 16, 6, 4]:66
[19, 17, 5, 4, 2, 1]:67
[19, 16, 7, 6, 4]:65
[19, 16, 6, 4, 1]:68
[19, 16, 7, 6, 4, 0]:67
[19, 17, 5, 4, 2, 1, 0]:93
[19, 16, 6, 4, 1, 0]:67
[19, 16, 7, 6, 4, 1]:82
[19, 16, 7, 6, 4, 1, 0]:85
[19, 16, 6, 4, 2]:78
[19, 17, 5, 4, 3]:64
[19, 16, 6, 4, 2, 0]:91
[19, 17, 5, 4, 3, 0]:68
[19, 16, 6, 4, 2, 1]:85
[19, 16, 7, 6, 4, 2]:85
[19, 16, 15, 14, 13, 12, 11, 10, 9, 8, 7, 6, 5, 3, 1]:96
[19, 16, 6, 4, 2, 1, 0]:86
[19, 17, 5, 4, 3, 1]:83
[19, 16, 7, 6, 4, 2, 0]:82
[19, 16, 6, 4, 3]:67
[19, 17, 5, 4, 3, 2]:53
[19, 17, 15, 14, 13, 12, 11, 10, 9, 8, 7, 6, 5, 4, 3, 0]:82
[19, 16, 6, 4, 3, 0]:84
[19, 16, 7, 6, 4, 2, 1]:90
[19, 16, 6, 4, 3, 1]:54
[19, 17, 5, 4, 3, 2, 1]:77
[19, 16, 6, 4, 3, 1, 0]:83
[19, 17, 5, 4, 3, 2, 1, 0]:87
[19, 16, 7, 6, 4, 2, 1, 0]:95
[19, 17, 6]:36
[19, 16, 7, 6, 4, 3]:52
[19, 16, 6, 4, 3, 2]:84
[19, 16, 15, 14, 13, 12, 11, 10, 9, 8, 7, 6, 5, 3, 1, 0]:99
[19, 17, 15, 14, 13, 12, 11, 10, 9, 8, 7, 6, 4, 3, 1, 0]:96
[19, 16, 7, 6, 4, 3, 1]:72
[19, 17, 6, 0]:63
[19, 16, 6, 4, 3, 2, 0]:86
[19, 16, 7, 6, 4, 3, 1, 0]:80
[19, 16, 6, 4, 3, 2, 1]:76
[19, 17, 6, 1]:69
[19, 16, 7, 6, 4, 3, 2]:78
[19, 17, 6, 1, 0]:84
[19, 16, 7, 6, 4, 3, 2, 0]:95
[19, 16, 6, 4, 3, 2, 1, 0]:91
[19, 16, 6, 5]:65
[19, 17, 6, 2]:50
[19, 16, 7, 6, 4, 3, 2, 1]:93
[19, 16, 6, 5, 0]:78
[19, 17, 6, 2, 0]:65
[19, 16, 6, 5, 1]:80
[19, 17, 6, 2, 1]:78
[19, 16, 6, 5, 1, 0]:93
[19, 16, 6, 5, 2]:70
[19, 16, 7, 6, 4, 3, 2, 1, 0]:100
[19, 16, 6, 5, 2, 0]:77
[19, 16, 7, 6, 5]:67
[19, 17, 6, 2, 1, 0]:89
[19, 16, 15, 14, 13, 12, 11, 10, 9, 8, 7, 6, 5, 3, 2]:64
[19, 16, 7, 6, 5, 0]:93
[19, 17, 6, 3]:62
[19, 16, 6, 5, 2, 1]:87
[19, 16, 6, 5, 2, 1, 0]:94
[19, 16, 6, 5, 3]:68
[19, 17, 6, 3, 0]:85
[19, 16, 7, 6, 5, 1]:96
[19, 16, 6, 5, 3, 0]:84
[19, 17, 6, 3, 1]:71
[19, 16, 6, 5, 3, 1]:85
[19, 16, 7, 6, 5, 1, 0]:97
[19, 16, 7, 6, 5, 2]:85
[19, 17, 6, 3, 1, 0]:71
[19, 16, 6, 5, 3, 1, 0]:92
[19, 17, 6, 3, 2]:71
[19, 16, 6, 5, 3, 2]:61
[19, 16, 7, 6, 5, 2, 0]:92
[19, 17, 6, 3, 2, 0]:89
[19, 16, 15, 14, 13, 12, 11, 10, 9, 8, 7, 6, 5, 3, 2, 0]:91
[19, 16, 6, 5, 3, 2, 1]:87
[19, 17, 6, 3, 2, 1]:67
[19, 17, 15, 14, 13, 12, 11, 10, 9, 8, 7, 6, 5, 4, 3, 1]:63
[19, 17, 6, 3, 2, 1, 0]:84
[19, 16, 7, 6, 5, 2, 1]:94
[19, 16, 6, 5, 3, 2, 1, 0]:96
[19, 16, 7, 6, 5, 2, 1, 0]:89
[19, 17, 6, 4]:39
[19, 16, 6, 5, 4]:68
[19, 16, 6, 5, 4, 0]:94
[19, 16, 7, 6, 5, 3]:83
[19, 17, 15, 14, 13, 12, 11, 10, 9, 8, 7, 6, 4, 3, 2]:80
[19, 17, 6, 4, 0]:63
[19, 16, 6, 5, 4, 1]:83
[19, 16, 7, 6, 5, 3, 0]:98
[19, 16, 6, 5, 4, 1, 0]:85
[19, 17, 6, 4, 1]:64
[19, 16, 7, 6, 5, 3, 1]:92
[19, 16, 6, 5, 4, 2]:85
[19, 16, 7, 6, 5, 3, 1, 0]:103
[19, 17, 6, 4, 1, 0]:80
[19, 16, 7, 6, 5, 3, 2]:82
[19, 16, 6, 5, 4, 2, 0]:90
[19, 17, 6, 4, 2]:55
[19, 16, 15, 14, 13, 12, 11, 10, 9, 8, 7, 6, 5, 3, 2, 1]:89
[19, 16, 7, 6, 5, 3, 2, 0]:96
[19, 17, 6, 4, 2, 0]:55
[19, 16, 6, 5, 4, 2, 1]:80
[19, 16, 7, 6, 5, 3, 2, 1]:80
[19, 17, 6, 4, 2, 1]:80
[19, 16, 6, 5, 4, 2, 1, 0]:83
[19, 17, 6, 4, 2, 1, 0]:85
[19, 16, 7, 6, 5, 3, 2, 1, 0]:100
[19, 16, 6, 5, 4, 3]:80
[19, 16, 7, 6, 5, 4]:78
[19, 17, 6, 4, 3]:61
[19, 16, 7, 6, 5, 4, 0]:90
[19, 16, 6, 5, 4, 3, 0]:92
[19, 16, 6, 5, 4, 3, 1]:83
[19, 16, 7, 6, 5, 4, 1]:94
[19, 16, 6, 5, 4, 3, 1, 0]:92
[19, 17, 6, 4, 3, 0]:83
[19, 16, 6, 5, 4, 3, 2]:85
[19, 16, 15, 14, 13, 12, 11, 10, 9, 8, 7, 6, 5, 3, 2, 1, 0]:102
[19, 17, 6, 4, 3, 1]:54
[19, 16, 6, 5, 4, 3, 2, 0]:99
[19, 16, 7, 6, 5, 4, 1, 0]:100
[19, 17, 6, 4, 3, 1, 0]:85
[19, 16, 7, 6, 5, 4, 2]:86
[19, 16, 6, 5, 4, 3, 2, 1]:78
[19, 16, 7, 6, 5, 4, 2, 0]:84
[19, 16, 7]:39
[19, 16, 7, 0]:63
[19, 17, 6, 4, 3, 2]:79
[19, 16, 7, 6, 5, 4, 2, 1]:93
[19, 16, 7, 1]:48
[19, 17, 6, 4, 3, 2, 1]:79
[19, 16, 7, 2]:64
[19, 16, 7, 6, 5, 4, 2, 1, 0]:99
[19, 17, 6, 4, 3, 2, 1, 0]:72
[19, 16, 7, 2, 0]:82
[19, 17, 6, 5]:61
[19, 17, 16, 15, 14, 13, 12, 11, 10, 9, 8, 7, 6, 4, 1]:86
[19, 16, 7, 2, 1]:77
[19, 17, 15, 14, 13, 12, 11, 10, 9, 8, 7, 6, 4, 3, 2, 0]:89
[19, 16, 7, 2, 1, 0]:93
[19, 17, 6, 5, 1]:83
[19, 16, 7, 6, 5, 4, 3]:77
[19, 16, 7, 3]:66
[19, 16, 7, 3, 0]:69
[19, 17, 6, 5, 1, 0]:81
[19, 16, 7, 3, 1]:79
[19, 16, 15, 14, 13, 12, 11, 10, 9, 8, 7, 6, 5, 4]:77
[19, 16, 7, 3, 1, 0]:75
[19, 16, 7, 6, 5, 4, 3, 0]:93
[19, 16, 7, 3, 2]:82
[19, 17, 6, 5, 2]:74
[19, 17, 15, 14, 13, 12, 11, 10, 9, 8, 7, 6, 5, 4, 3, 2]:62
[19, 16, 7, 6, 5, 4, 3, 1]:94
[19, 16, 7, 3, 2, 0]:86
[19, 16, 7, 6, 5, 4, 3, 1, 0]:93
[19, 16, 7, 3, 2, 1]:91
[19, 17, 6, 5, 2, 0]:93
[19, 16, 7, 6, 5, 4, 3, 2]:76
[19, 16, 7, 3, 2, 1, 0]:95
[19, 16, 7, 4]:30
[19, 17, 6, 5, 2, 1]:74
[19, 17, 6, 5, 3]:66
[19, 16, 7, 4, 0]:63
[19, 17, 6, 5, 3, 0]:77
[19, 16, 7, 6, 5, 4, 3, 2, 0]:91
[19, 16, 7, 4, 1]:48
[19, 17, 6, 5, 3, 1]:87
[19, 16, 7, 6, 5, 4, 3, 2, 1]:91
[19, 17, 6, 5, 3, 2]:63
[19, 16, 7, 4, 1, 0]:78
[19, 16, 7, 6, 5, 4, 3, 2, 1, 0]:93
[19, 16, 7, 4, 2]:63
[19, 17, 6, 5, 3, 2, 0]:84
[19, 16, 8]:36
[19, 17, 6, 5, 3, 2, 1]:83
[19, 18, 15, 14, 13, 12, 11, 10, 9, 8, 7, 6, 4, 2, 1]:88
[19, 16, 8, 0]:51
[19, 16, 15, 14, 13, 12, 11, 10, 9, 8, 7, 6, 5, 4, 1]:89
[19, 16, 7, 4, 2, 0]:82
[19, 16, 8, 1]:68
[19, 17, 6, 5, 3, 2, 1, 0]:94
[19, 16, 7, 4, 2, 1]:78
[19, 17, 6, 5, 4]:60
[19, 16, 7, 4, 2, 1, 0]:92
[19, 16, 8, 1, 0]:84
[19, 17, 6, 5, 4, 0]:92
[19, 16, 7, 4, 3]:63
[19, 16, 8, 2]:53
[19, 17, 6, 5, 4, 1]:70
[19, 16, 7, 4, 3, 0]:53
[19, 16, 8, 2, 0]:71
[19, 17, 6, 5, 4, 1, 0]:96
[19, 16, 7, 4, 3, 1]:80
[19, 17, 6, 5, 4, 2]:80
[19, 16, 8, 2, 1]:82
[19, 16, 7, 4, 3, 1, 0]:72
[19, 17, 6, 5, 4, 2, 0]:85
[19, 16, 8, 2, 1, 0]:91
[19, 16, 7, 4, 3, 2]:83
[19, 17, 15, 14, 13, 12, 11, 10, 9, 8, 7, 6, 4, 3, 2, 1]:87
[19, 17, 6, 5, 4, 2, 1]:90
[19, 16, 8, 3]:57
[19, 16, 8, 3, 0]:62
[19, 17, 6, 5, 4, 2, 1, 0]:84
[19, 16, 7, 4, 3, 2, 0]:84
[19, 17, 6, 5, 4, 3]:52
[19, 16, 15, 14, 13, 12, 11, 10, 9, 8, 7, 6, 5, 4, 1, 0]:94
[19, 16, 8, 3, 1]:81
[19, 17, 6, 5, 4, 3, 0]:85
[19, 16, 7, 4, 3, 2, 1]:91
[19, 16, 7, 4, 3, 2, 1, 0]:96
[19, 17, 6, 5, 4, 3, 1]:77
[19, 16, 7, 5]:65
[19, 16, 8, 3, 1, 0]:87
[19, 16, 7, 5, 0]:83
[19, 16, 8, 3, 2]:75
[19, 16, 7, 5, 1]:81
[19, 17, 6, 5, 4, 3, 1, 0]:96
[19, 16, 8, 3, 2, 0]:80
[19, 16, 7, 5, 1, 0]:98
[19, 16, 7, 5, 2]:68
[19, 17, 6, 5, 4, 3, 2]:77
[19, 17, 15, 14, 13, 12, 11, 10, 9, 8, 7, 6, 5, 4, 3, 2, 0]:62
[19, 16, 8, 3, 2, 1]:88
[19, 16, 7, 5, 2, 0]:89
[19, 17, 6, 5, 4, 3, 2, 0]:71
[19, 16, 8, 3, 2, 1, 0]:96
[19, 16, 7, 5, 2, 1]:76
[19, 16, 15, 14, 13, 12, 11, 10, 9, 8, 7, 6, 5, 4, 2]:86
[19, 16, 7, 5, 2, 1, 0]:94
[19, 17, 6, 5, 4, 3, 2, 1]:90
[19, 16, 8, 4]:67
[19, 16, 8, 4, 0]:81
[19, 16, 7, 5, 3]:78
[19, 17, 6, 5, 4, 3, 2, 1, 0]:86
[19, 16, 8, 4, 1]:72
[19, 17, 7]:44
[19, 16, 7, 5, 3, 0]:89
[19, 16, 8, 4, 1, 0]:80
[19, 16, 8, 4, 2]:76
[19, 16, 7, 5, 3, 1]:91
[19, 16, 8, 4, 2, 0]:89
[19, 17, 7, 0]:72
[19, 16, 7, 5, 3, 1, 0]:98
[19, 17, 7, 1]:58
[19, 16, 8, 4, 2, 1]:67
[19, 16, 7, 5, 3, 2]:83
[19, 16, 8, 4, 2, 1, 0]:79
[19, 16, 8, 4, 3]:79
[19, 16, 7, 5, 3, 2, 0]:84
[19, 17, 7, 1, 0]:91
[19, 16, 8, 4, 3, 0]:90
[19, 17, 7, 2]:72
[19, 16, 8, 4, 3, 1]:87
[19, 16, 7, 5, 3, 2, 1]:92
[19, 16, 15, 14, 13, 12, 11, 10, 9, 8, 7, 6, 5, 4, 2, 0]:95
[19, 16, 8, 4, 3, 1, 0]:90
[19, 17, 7, 2, 0]:72
[19, 17, 16, 15, 14, 13, 12, 11, 10, 9, 8, 7, 6, 5, 4, 1]:86
[19, 17, 7, 2, 1]:87
[19, 16, 7, 5, 3, 2, 1, 0]:86
[19, 16, 8, 4, 3, 2]:89
[19, 16, 7, 5, 4]:64
[19, 17, 7, 2, 1, 0]:83
[19, 17, 7, 3]:50
[19, 16, 7, 5, 4, 0]:85
[19, 17, 7, 3, 1]:62
[19, 17, 7, 3, 1, 0]:97
[19, 16, 7, 5, 4, 1]:82
[19, 16, 8, 4, 3, 2, 0]:92
[19, 17, 7, 3, 2]:81
[19, 16, 7, 5, 4, 1, 0]:94
[19, 16, 8, 4, 3, 2, 1]:85
[19, 16, 7, 5, 4, 2]:53
[19, 17, 7, 3, 2, 0]:75
[19, 17, 15, 14, 13, 12, 11, 10, 9, 8, 7, 6, 5, 4, 3, 2, 1]:64
[19, 16, 7, 5, 4, 2, 1]:72
[19, 16, 8, 4, 3, 2, 1, 0]:83
[19, 17, 7, 3, 2, 1]:94
[19, 16, 8, 5]:42
[19, 16, 7, 5, 4, 2, 1, 0]:94
[19, 17, 15, 14, 13, 12, 11, 10, 9, 8, 7, 6, 4, 3, 2, 1, 0]:85
[19, 16, 15, 14, 13, 12, 11, 10, 9, 8, 7, 6, 5, 4, 2, 1]:65
[19, 17, 7, 3, 2, 1, 0]:89
[19, 17, 7, 4]:70
[19, 16, 7, 5, 4, 3]:84
[19, 16, 8, 5, 1]:70
[19, 16, 7, 5, 4, 3, 0]:87
[19, 17, 7, 4, 0]:77
[19, 16, 8, 5, 1, 0]:85
[19, 16, 8, 5, 2]:56
[19, 16, 7, 5, 4, 3, 1]:81
[19, 17, 7, 4, 1]:81
[19, 16, 8, 5, 2, 0]:80
[19, 16, 7, 5, 4, 3, 1, 0]:94
[19, 17, 7, 4, 1, 0]:89
[19, 16, 8, 5, 2, 1]:83
[19, 17, 7, 4, 2]:71
[19, 16, 7, 5, 4, 3, 2]:82
[19, 17, 7, 4, 2, 0]:90
[19, 16, 7, 5, 4, 3, 2, 0]:73
[19, 16, 8, 5, 2, 1, 0]:92
[19, 16, 7, 5, 4, 3, 2, 1]:96
[19, 17, 7, 4, 2, 1]:81
[19, 16, 8, 5, 3]:63
[19, 16, 8, 5, 3, 0]:66
[19, 16, 7, 5, 4, 3, 2, 1, 0]:88
[19, 16, 7, 6]:64
[19, 16, 8, 5, 3, 1]:86
[19, 17, 7, 4, 2, 1, 0]:95
[19, 18, 15, 14, 13, 12, 11, 10, 9, 8, 7, 6, 5, 4, 2, 0]:90
[19, 16, 7, 6, 1]:83
[19, 16, 15, 14, 13, 12, 11, 10, 9, 8, 7, 6, 5, 4, 2, 1, 0]:86
[19, 17, 7, 4, 3]:78
[19, 16, 7, 6, 1, 0]:85
[19, 16, 8, 5, 3, 1, 0]:93
[19, 16, 7, 6, 2]:73
[19, 17, 7, 4, 3, 0]:79
[19, 17, 7, 4, 3, 1]:93
[19, 16, 7, 6, 2, 0]:90
[19, 16, 8, 5, 3, 2]:79
[19, 17, 7, 4, 3, 2]:72
[19, 16, 7, 6, 2, 1]:95
[19, 16, 7, 6, 2, 1, 0]:99
[19, 16, 8, 5, 3, 2, 0]:89
[19, 17, 7, 4, 3, 2, 0]:93
[19, 17, 15, 14, 13, 12, 11, 10, 9, 8, 7, 6, 5]:60
[19, 16, 7, 6, 3]:67
[19, 16, 8, 5, 3, 2, 1]:91
[19, 17, 7, 4, 3, 2, 1]:85
[19, 16, 7, 6, 3, 0]:77
[19, 16, 8, 5, 3, 2, 1, 0]:97
[19, 17, 7, 4, 3, 2, 1, 0]:99
[19, 16, 8, 5, 4]:67
[19, 17, 7, 5]:30
[19, 16, 7, 6, 3, 1]:75
[19, 16, 7, 6, 3, 1, 0]:90
[19, 16, 8, 5, 4, 0]:87
[19, 16, 15, 14, 13, 12, 11, 10, 9, 8, 7, 6, 5, 4, 3]:79
[19, 16, 8, 5, 4, 1]:54
[19, 17, 7, 5, 0]:66
[19, 16, 7, 6, 3, 2]:85
[19, 16, 8, 5, 4, 2]:80
[19, 17, 7, 5, 1]:62
[19, 16, 8, 5, 4, 2, 0]:95
[19, 16, 7, 6, 3, 2, 0]:92
[19, 17, 7, 5, 1, 0]:83
[19, 16, 8, 5, 4, 2, 1]:84
[19, 17, 7, 5, 2]:64
[19, 17, 15, 14, 13, 12, 11, 10, 9, 8, 7, 6, 5, 4, 3, 2, 1, 0]:65
[19, 16, 8, 5, 4, 2, 1, 0]:91
[19, 17, 7, 5, 2, 0]:51
[19, 16, 7, 6, 3, 2, 1]:95
[19, 17, 16]:22
[19, 16, 8, 5, 4, 3]:82
[19, 17, 7, 5, 2, 1]:84
[19, 17, 16, 0]:74
[19, 16, 8, 5, 4, 3, 1]:82
[19, 17, 7, 5, 2, 1, 0]:85
[19, 16, 7, 6, 3, 2, 1, 0]:98
[19, 16, 8, 5, 4, 3, 1, 0]:81
[19, 17, 7, 5, 3]:56
[19, 17, 16, 1]:74
[19, 17, 7, 5, 3, 0]:87
[19, 16, 7, 6, 4]:65
[19, 16, 15, 14, 13, 12, 11, 10, 9, 8, 7, 6, 5, 4, 3, 0]:92
[19, 17, 16, 1, 0]:78
[19, 16, 8, 5, 4, 3, 2]:87
[19, 17, 7, 5, 3, 1]:50
[19, 17, 16, 2]:74
[19, 16, 7, 6, 4, 0]:67
[19, 16, 8, 5, 4, 3, 2, 0]:95
[19, 17, 16, 2, 0]:80
[19, 17, 7, 5, 3, 2]:82
[19, 16, 7, 6, 4, 1]:82
[19, 17, 7, 5, 3, 2, 0]:81
[19, 16, 7, 6, 4, 1, 0]:85
[19, 16, 8, 5, 4, 3, 2, 1]:93
[19, 17, 15, 14, 13, 12, 11, 10, 9, 8, 7, 6, 5, 0]:85
[19, 16, 8, 6]:62
[19, 17, 7, 5, 3, 2, 1]:85
[19, 17, 16, 2, 1]:80
[19, 16, 7, 6, 4, 2]:85
[19, 16, 8, 6, 1]:79
[19, 17, 7, 5, 3, 2, 1, 0]:74
[19, 16, 7, 6, 4, 2, 0]:82
[19, 16, 8, 6, 1, 0]:95
[19, 17, 7, 5, 4]:64
[19, 16, 15, 14, 13, 12, 11, 10, 9, 8, 7, 6, 5, 4, 3, 1]:88
[19, 16, 7, 6, 4, 2, 1]:90
[19, 16, 8, 6, 2]:75
[19, 17, 16, 2, 1, 0]:86
[19, 17, 7, 5, 4, 0]:67
[19, 16, 7, 6, 4, 2, 1, 0]:95
[19, 16, 8, 6, 2, 0]:78
[19, 16, 7, 6, 4, 3]:52
[19, 17, 7, 5, 4, 1]:89
[19, 17, 16, 3]:71
[19, 16, 8, 6, 2, 1]:94
[19, 16, 7, 6, 4, 3, 1]:72
[19, 17, 7, 5, 4, 1, 0]:94
[19, 17, 7, 5, 4, 2]:53
[19, 16, 8, 6, 2, 1, 0]:100
[19, 17, 7, 5, 4, 2, 0]:83
[19, 16, 7, 6, 4, 3, 1, 0]:80
[19, 16, 8, 6, 3]:70
[19, 17, 16, 3, 0]:90
[19, 16, 7, 6, 4, 3, 2]:78
[19, 17, 7, 5, 4, 2, 1]:85
[19, 16, 8, 6, 3, 0]:84
[19, 16, 7, 6, 4, 3, 2, 0]:95
[19, 17, 16, 3, 1]:82
[19, 16, 7, 6, 4, 3, 2, 1]:93
[19, 16, 8, 6, 3, 1]:89
[19, 17, 7, 5, 4, 2, 1, 0]:99
[19, 16, 8, 6, 3, 1, 0]:91
[19, 17, 7, 5, 4, 3]:81
[19, 17, 16, 3, 1, 0]:43
[19, 16, 15, 14, 13, 12, 11, 10, 9, 8, 7, 6, 5, 4, 3, 1, 0]:69
[19, 17, 7, 5, 4, 3, 0]:92
[19, 16, 8, 6, 3, 2]:77
[19, 17, 16, 3, 2]:77
[19, 16, 7, 6, 4, 3, 2, 1, 0]:100
[19, 17, 7, 5, 4, 3, 1]:84
[19, 16, 8, 6, 3, 2, 0]:89
[19, 16, 7, 6, 5]:67
[19, 17, 7, 5, 4, 3, 1, 0]:88
[19, 17, 16, 3, 2, 0]:93
[19, 16, 8, 6, 3, 2, 1]:92
[19, 17, 7, 5, 4, 3, 2]:77
[19, 17, 7, 5, 4, 3, 2, 0]:85
[19, 16, 7, 6, 5, 0]:93
[19, 16, 8, 6, 3, 2, 1, 0]:99
[19, 17, 16, 3, 2, 1]:83
[19, 17, 7, 5, 4, 3, 2, 1]:74
[19, 16, 7, 6, 5, 1]:96
[19, 16, 8, 6, 4]:80
[19, 17, 7, 5, 4, 3, 2, 1, 0]:94
[19, 17, 16, 3, 2, 1, 0]:96
[19, 17, 15, 14, 13, 12, 11, 10, 9, 8, 7, 6, 5, 1]:80
[19, 16, 7, 6, 5, 1, 0]:97
[19, 16, 8, 6, 4, 0]:87
[19, 17, 7, 6]:65
[19, 17, 16, 4]:71
[19, 17, 7, 6, 0]:80
[19, 16, 7, 6, 5, 2]:85
[19, 17, 7, 6, 1]:86
[19, 16, 15, 14, 13, 12, 11, 10, 9, 8, 7, 6, 5, 4, 3, 2]:80
[19, 16, 8, 6, 4, 1]:88
[19, 16, 7, 6, 5, 2, 0]:92
[19, 17, 7, 6, 1, 0]:85
[19, 16, 8, 6, 4, 1, 0]:91
[19, 16, 7, 6, 5, 2, 1]:94
[19, 17, 7, 6, 2]:74
[19, 17, 16, 4, 0]:93
[19, 16, 7, 6, 5, 2, 1, 0]:89
[19, 16, 8, 6, 4, 2]:88
[19, 17, 7, 6, 2, 0]:94
[19, 16, 7, 6, 5, 3]:83
[19, 17, 16, 4, 1]:92
[19, 16, 8, 6, 4, 2, 0]:96
[19, 16, 8, 6, 4, 2, 1]:76
[19, 17, 16, 4, 1, 0]:79
[19, 17, 7, 6, 2, 1]:79
[19, 16, 7, 6, 5, 3, 0]:98
[19, 17, 16, 4, 2]:79
[19, 16, 8, 6, 4, 2, 1, 0]:88
[19, 16, 7, 6, 5, 3, 1]:92
[19, 17, 16, 4, 2, 0]:92
[19, 17, 7, 6, 3]:80
[19, 16, 7, 6, 5, 3, 1, 0]:103
[19, 17, 7, 6, 3, 0]:86
[19, 16, 8, 6, 4, 3]:79
[19, 17, 16, 4, 2, 1]:43
[19, 16, 7, 6, 5, 3, 2]:82
[19, 17, 16, 4, 3]:77
[19, 17, 7, 6, 3, 1]:92
[19, 16, 15, 14, 13, 12, 11, 10, 9, 8, 7, 6, 5, 4, 3, 2, 1]:83
[19, 16, 8, 6, 4, 3, 0]:97
[19, 17, 7, 6, 3, 1, 0]:100
[19, 16, 8, 6, 4, 3, 1]:90
[19, 17, 7, 6, 3, 2]:74
[19, 16, 8, 6, 4, 3, 1, 0]:96
[19, 16, 7, 6, 5, 3, 2, 0]:96
[19, 17, 16, 4, 3, 0]:97
[19, 16, 8, 6, 4, 3, 2]:83
[19, 16, 7, 6, 5, 3, 2, 1]:80
[19, 17, 7, 6, 3, 2, 0]:96
[19, 17, 7, 6, 3, 2, 1]:89
[19, 17, 16, 4, 3, 1]:88
[19, 16, 7, 6, 5, 3, 2, 1, 0]:100
[19, 16, 8, 6, 4, 3, 2, 0]:101
[19, 17, 7, 6, 3, 2, 1, 0]:95
[19, 16, 7, 6, 5, 4]:78
[19, 16, 8, 6, 4, 3, 2, 1]:89
[19, 17, 7, 6, 4]:65
[19, 16, 7, 6, 5, 4, 0]:90
[19, 16, 8, 6, 4, 3, 2, 1, 0]:96
[19, 17, 16, 4, 3, 1, 0]:93
[19, 17, 16, 15, 14, 13, 12, 11, 10, 9, 8, 7, 6, 4, 1, 0]:102
[19, 17, 7, 6, 4, 0]:92
[19, 16, 8, 6, 5]:63
[19, 16, 7, 6, 5, 4, 1]:94
[19, 17, 15, 14, 13, 12, 11, 10, 9, 8, 7, 6, 5, 1, 0]:99
[19, 16, 8, 6, 5, 0]:82
[19, 17, 7, 6, 4, 1]:80
[19, 16, 7, 6, 5, 4, 1, 0]:100
[19, 17, 16, 4, 3, 2]:82
[19, 17, 7, 6, 4, 1, 0]:102
[19, 16, 7, 6, 5, 4, 2]:86
[19, 16, 8, 6, 5, 1]:86
[19, 17, 16, 4, 3, 2, 0]:67
[19, 17, 7, 6, 4, 2]:87
[19, 16, 8, 6, 5, 1, 0]:96
[19, 16, 7, 6, 5, 4, 2, 0]:84
[19, 17, 16, 4, 3, 2, 1]:91
[19, 16, 7, 6, 5, 4, 2, 1]:93
[19, 16, 8, 6, 5, 2]:82
[19, 17, 7, 6, 4, 2, 1]:98
[19, 16, 15, 14, 13, 12, 11, 10, 9, 8, 7, 6, 5, 4, 3, 2, 1, 0]:84
[19, 17, 7, 6, 4, 2, 1, 0]:95
[19, 17]:18
[19, 16, 8, 6, 5, 2, 1]:91
[19, 16, 7, 6, 5, 4, 2, 1, 0]:99
[19, 17, 0]:36
[19, 17, 16, 4, 3, 2, 1, 0]:98
[19, 17, 7, 6, 4, 3]:65
[19, 16, 8, 6, 5, 2, 1, 0]:102
[19, 17, 1]:48
[19, 16, 7, 6, 5, 4, 3]:77
[19, 17, 1, 0]:59
[19, 17, 7, 6, 4, 3, 0]:93
[19, 17, 2]:36
[19, 16, 7, 6, 5, 4, 3, 0]:93
[19, 16, 8, 6, 5, 3]:61
[19, 17, 2, 0]:38
[19, 17, 16, 5]:69
[19, 17, 7, 6, 4, 3, 1]:82
[19, 16, 8, 6, 5, 3, 0]:81
[19, 16, 7, 6, 5, 4, 3, 1]:94
[19, 17, 2, 1]:65
[19, 17, 2, 1, 0]:67
[19, 17, 7, 6, 4, 3, 1, 0]:92
[19, 17, 16, 5, 0]:99
[19, 16, 7, 6, 5, 4, 3, 1, 0]:93
[19, 16, 8, 6, 5, 3, 1]:85
[19, 17, 3]:46
[19, 17, 3, 0]:70
[19, 17, 7, 6, 4, 3, 2]:88
[19, 17, 3, 1]:34
[19, 16, 7, 6, 5, 4, 3, 2]:76
[19, 17, 16, 5, 1]:90
[19, 16, 8, 6, 5, 3, 1, 0]:94
[19, 17, 3, 1, 0]:66
[19, 16, 7, 6, 5, 4, 3, 2, 0]:91
[19, 16, 8, 6, 5, 3, 2]:80
[19, 17, 16, 5, 1, 0]:95
[19, 16, 7, 6, 5, 4, 3, 2, 1]:91
[19, 17, 3, 2]:65
[19, 17, 7, 6, 4, 3, 2, 0]:88
[19, 16, 8, 6, 5, 3, 2, 0]:90
[19, 17, 3, 2, 0]:67
[19, 16, 7, 6, 5, 4, 3, 2, 1, 0]:93
[19, 17, 3, 2, 1]:66
[19, 17, 16, 5, 2]:87
[19, 16, 8]:36
[19, 17, 15, 14, 13, 12, 11, 10, 9, 8, 7, 6, 5, 2]:86
[19, 17, 3, 2, 1, 0]:55
[19, 17, 7, 6, 4, 3, 2, 1]:97
[19, 16, 8, 6, 5, 3, 2, 1]:95
[19, 16, 8, 0]:51
[19, 17, 4]:36
[19, 17, 16, 5, 2, 0]:91
[19, 16, 8, 1]:68
[19, 17, 4, 0]:50
[19, 16, 8, 1, 0]:84
[19, 16, 8, 6, 5, 3, 2, 1, 0]:104
[19, 17, 7, 6, 4, 3, 2, 1, 0]:96
[19, 16, 8, 2]:53
[19, 17, 4, 1]:62
[19, 17, 7, 6, 5]:62
[19, 17, 16, 5, 2, 1]:73
[19, 16, 8, 6, 5, 4]:78
[19, 17, 4, 1, 0]:77
[19, 16, 8, 2, 0]:71
[19, 17, 7, 6, 5, 0]:78
[19, 16, 8, 6, 5, 4, 0]:92
[19, 17, 4, 2]:39
[19, 16, 8, 2, 1]:82
[19, 17, 7, 6, 5, 1]:89
[19, 16, 8, 6, 5, 4, 1]:84
[19, 17, 4, 2, 0]:56
[19, 17, 7, 6, 5, 1, 0]:93
[19, 16, 8, 6, 5, 4, 1, 0]:84
[19, 17, 4, 2, 1]:63
[19, 16, 8, 2, 1, 0]:91
[19, 17, 16, 5, 2, 1, 0]:63
[19, 17, 4, 2, 1, 0]:78
[19, 17, 7, 6, 5, 2]:67
[19, 16, 8, 3]:57
[19, 16, 8, 3, 0]:62
[19, 17, 4, 3]:59
[19, 16, 8, 6, 5, 4, 2]:90
[19, 17, 16, 5, 3]:74
[19, 16, 8, 3, 1]:81
[19, 17, 7, 6, 5, 2, 0]:84
[19, 16, 8, 3, 1, 0]:87
[19, 17, 4, 3, 0]:78
[19, 16, 8, 6, 5, 4, 2, 0]:100
[19, 16, 8, 3, 2]:75
[19, 17, 4, 3, 1]:69
[19, 17, 7, 6, 5, 2, 1]:88
[19, 16, 8, 3, 2, 0]:80
[19, 17, 16, 5, 3, 0]:93
[19, 16, 8, 6, 5, 4, 2, 1]:91
[19, 17, 7, 6, 5, 2, 1, 0]:98
[19, 17, 4, 3, 1, 0]:62
[19, 16, 8, 3, 2, 1]:88
[19, 17, 7, 6, 5, 3]:84
[19, 17, 4, 3, 2]:63
[19, 17, 15, 14, 13, 12, 11, 10, 9, 8, 7, 6, 5, 2, 0]:85
[19, 17, 16, 5, 3, 1]:91
[19, 16, 8, 3, 2, 1, 0]:96
[19, 16, 8, 6, 5, 4, 2, 1, 0]:98
[19, 17, 4, 3, 2, 0]:82
[19, 16, 8, 4]:67
[19, 17, 16, 5, 3, 1, 0]:82
