[19, 6, 5, 1, 0]:59
[19, 13, 9, 4, 0]:72
[19, 6, 5, 1, 0]:59
[19, 12, 11, 1, 0]:69
[19, 13, 9, 4, 0]:72
[19, 10, 7, 3, 0]:67
[19, 10, 6, 4, 0]:67
[19, 9, 7, 2, 0]:64
[19, 12, 11, 1, 0]:69
[19, 9, 5, 4, 0]:63
[19, 10, 7, 3, 0]:67
[19, 17, 11, 6, 0]:78
[19, 10, 6, 4, 0]:67
[19, 18, 15, 3, 0]:87
[19, 18, 15, 3, 0]:87
[19, 9, 7, 2, 0]:64
[19, 16, 9, 7, 0]:75
[19, 16, 9, 7, 0]:75
[19, 9, 5, 4, 0]:63
[19, 17, 14, 3, 0]:88
[19, 16, 13, 3, 0]:51
[19, 17, 14, 3, 0]:88
[19, 14, 11, 3, 0]:62
[19, 16, 13, 3, 0]:51
[19, 17, 11, 6, 0]:78
[19, 16, 10, 6, 0]:67
[19, 14, 11, 3, 0]:62
[19, 16, 10, 6, 0]:67
