[163, 114, 57, 4, 0]:639
[163, 103, 102, 92, 0]:876
[163, 106, 54, 34, 0]:662
[163, 98, 30, 13, 0]:648
[163, 91, 20, 17, 0]:661
[163, 111, 22, 13, 0]:651
[163, 105, 31, 20, 0]:656
[163, 126, 101, 29, 0]:774
[163, 133, 54, 16, 0]:671
[163, 98, 74, 10, 0]:719
[163, 106, 93, 28, 0]:757
[163, 99, 88, 18, 0]:750
[163, 108, 97, 46, 0]:762
[163, 123, 26, 17, 0]:684
[163, 118, 82, 63, 0]:759
[163, 50, 48, 44, 0]:715
[163, 90, 74, 52, 0]:721
[163, 118, 25, 7, 0]:648
[163, 99, 50, 23, 0]:648
[163, 97, 53, 33, 0]:664
[163, 113, 75, 67, 0]:758
[163, 105, 40, 12, 0]:648
[163, 115, 86, 12, 0]:744
[163, 141, 65, 16, 0]:693
[163, 105, 79, 34, 0]:721
[163, 96, 63, 49, 0]:697
[163, 87, 38, 19, 0]:610
[163, 113, 37, 35, 0]:680
[163, 109, 96, 33, 0]:765
[163, 117, 58, 33, 0]:750
[163, 106, 63, 1, 0]:681
[163, 93, 18, 9, 0]:609
[163, 88, 63, 53, 0]:717
[163, 125, 98, 33, 0]:667
[163, 77, 55, 9, 0]:694
[163, 113, 34, 30, 0]:673
[163, 121, 54, 51, 0]:706
[163, 111, 40, 17, 0]:648
[163, 74, 65, 25, 0]:702
[163, 93, 92, 88, 0]:841
[163, 112, 6, 2, 0]:653
[163, 100, 69, 38, 0]:630
[163, 48, 32, 1, 0]:679
[163, 118, 81, 7, 0]:717
[163, 121, 80, 47, 0]:731
[163, 82, 59, 18, 0]:707
[163, 123, 36, 9, 0]:648
[163, 105, 38, 22, 0]:653
[163, 124, 90, 29, 0]:800
[163, 143, 82, 17, 0]:731
[163, 82, 73, 45, 0]:728
[163, 89, 13, 6, 0]:648
[163, 101, 54, 10, 0]:654
[163, 131, 129, 13, 0]:980
[163, 126, 64, 21, 0]:675
[163, 120, 95, 29, 0]:767
[163, 85, 83, 66, 0]:776
[163, 125, 31, 2, 0]:648
[163, 91, 71, 2, 0]:720
[163, 108, 56, 29, 0]:652
[163, 109, 103, 57, 0]:782
[163, 57, 21, 16, 0]:661
[163, 50, 49, 15, 0]:698
[163, 138, 47, 2, 0]:669
[163, 133, 118, 102, 0]:922
[163, 74, 42, 14, 0]:676
[163, 117, 46, 27, 0]:577
[163, 117, 109, 20, 0]:795
[163, 76, 73, 18, 0]:732
[163, 142, 127, 13, 0]:1021
[163, 96, 69, 64, 0]:740
[163, 81, 58, 2, 0]:702
[163, 118, 111, 77, 0]:855
[163, 65, 26, 10, 0]:650
[163, 112, 78, 14, 0]:717
[163, 123, 112, 38, 0]:811
[163, 105, 84, 60, 0]:754
[163, 111, 110, 34, 0]:809
[163, 95, 57, 20, 0]:678
[163, 90, 71, 10, 0]:712
[163, 105, 87, 57, 0]:742
[163, 81, 73, 54, 0]:737
[163, 89, 70, 27, 0]:706
[163, 59, 46, 33, 0]:630
[163, 57, 36, 30, 0]:682
[163, 122, 97, 54, 0]:759
[163, 118, 110, 2, 0]:862
[163, 40, 37, 12, 0]:689
[163, 97, 33, 20, 0]:651
[163, 105, 91, 4, 0]:769
[163, 63, 62, 53, 0]:752
[163, 102, 96, 13, 0]:783
[163, 138, 123, 48, 0]:923
[163, 41, 28, 24, 0]:680
[163, 88, 6, 5, 0]:651
[163, 53, 40, 17, 0]:684
[163, 96, 88, 50, 0]:740
[163, 143, 113, 61, 0]:930
[163, 100, 35, 9, 0]:648
[163, 58, 39, 11, 0]:671
[163, 70, 41, 3, 0]:680
[163, 126, 49, 35, 0]:679
[163, 101, 39, 23, 0]:564
[163, 114, 69, 33, 0]:690
[163, 116, 27, 5, 0]:696
[163, 104, 22, 3, 0]:648
[163, 122, 50, 39, 0]:683
[163, 113, 96, 4, 0]:810
[163, 124, 123, 34, 0]:922
[163, 112, 96, 13, 0]:758
[163, 113, 90, 2, 0]:749
[163, 102, 79, 39, 0]:720
[163, 140, 105, 29, 0]:836
[163, 132, 101, 37, 0]:637
[163, 145, 72, 14, 0]:779
[163, 138, 104, 17, 0]:822
[163, 98, 78, 2, 0]:728
[163, 124, 120, 53, 0]:878
[163, 135, 111, 78, 0]:879
[163, 82, 65, 62, 0]:753
[163, 74, 59, 10, 0]:696
[163, 70, 15, 3, 0]:662
[163, 136, 109, 79, 0]:689
[163, 97, 79, 33, 0]:735
[163, 127, 118, 51, 0]:912
[163, 107, 97, 14, 0]:766
[163, 97, 65, 42, 0]:689
[163, 105, 8, 5, 0]:649
[163, 80, 65, 55, 0]:745
[163, 85, 50, 44, 0]:693
[163, 138, 75, 49, 0]:767
[163, 60, 41, 40, 0]:700
[163, 131, 18, 5, 0]:648
[163, 132, 85, 18, 0]:738
[163, 93, 92, 91, 0]:738
[163, 134, 58, 20, 0]:674
[163, 141, 116, 58, 0]:867
[163, 81, 56, 2, 0]:697
[163, 138, 121, 28, 0]:926
[163, 142, 73, 12, 0]:710
[163, 123, 60, 37, 0]:694
[163, 114, 89, 59, 0]:753
[163, 126, 81, 24, 0]:726
[163, 132, 128, 1, 0]:988
[163, 75, 62, 35, 0]:707
[163, 114, 84, 61, 0]:751
[163, 111, 68, 29, 0]:687
[163, 129, 111, 85, 0]:861
[163, 87, 52, 25, 0]:682
[163, 121, 24, 5, 0]:648
[163, 149, 105, 5, 0]:922
[163, 80, 61, 2, 0]:718
[163, 60, 45, 19, 0]:687
[163, 109, 107, 63, 0]:809
[163, 122, 119, 48, 0]:873
[163, 114, 46, 11, 0]:648
[163, 54, 36, 15, 0]:672
[163, 106, 14, 9, 0]:651
[163, 126, 59, 31, 0]:671
[163, 105, 97, 19, 0]:784
[163, 99, 82, 35, 0]:601
[163, 143, 128, 61, 0]:1048
[163, 42, 34, 10, 0]:678
[163, 50, 46, 6, 0]:696
[163, 54, 45, 36, 0]:625
[163, 69, 17, 8, 0]:654
[163, 100, 41, 21, 0]:648
[163, 136, 40, 10, 0]:660
[163, 54, 45, 18, 0]:668
[163, 111, 55, 50, 0]:694
[163, 145, 66, 27, 0]:696
[163, 120, 27, 6, 0]:648
[163, 143, 130, 66, 0]:946
[163, 52, 28, 10, 0]:661
[163, 141, 122, 41, 0]:836
[163, 93, 69, 22, 0]:690
[163, 59, 38, 18, 0]:678
[163, 113, 35, 10, 0]:648
[163, 132, 113, 76, 0]:929
[163, 98, 61, 14, 0]:679
[163, 117, 88, 20, 0]:747
[163, 127, 18, 10, 0]:648
[163, 58, 10, 7, 0]:657
[163, 98, 41, 39, 0]:684
[163, 149, 57, 20, 0]:906
[163, 129, 92, 52, 0]:799
[163, 69, 40, 2, 0]:671
[163, 54, 39, 27, 0]:609
[163, 114, 101, 19, 0]:775
[163, 44, 42, 19, 0]:700
[163, 128, 92, 1, 0]:840
[163, 129, 118, 54, 0]:879
[163, 114, 106, 48, 0]:724
[163, 142, 65, 39, 0]:703
[163, 44, 28, 17, 0]:672
[163, 43, 21, 10, 0]:662
[163, 134, 92, 9, 0]:790
[163, 113, 87, 77, 0]:799
[163, 13, 6, 5, 0]:651
[163, 57, 53, 4, 0]:545
[163, 124, 114, 101, 0]:923
[163, 139, 122, 78, 0]:951
[163, 102, 71, 68, 0]:753
[163, 109, 15, 4, 0]:648
[163, 124, 75, 57, 0]:735
[163, 114, 29, 2, 0]:648
[163, 91, 68, 41, 0]:672
[163, 107, 74, 7, 0]:707
[163, 148, 30, 25, 0]:654
[163, 137, 39, 8, 0]:660
[163, 80, 36, 10, 0]:659
[163, 105, 59, 44, 0]:688
[163, 151, 74, 53, 0]:813
[163, 82, 34, 15, 0]:654
[163, 119, 105, 4, 0]:815
[163, 57, 25, 20, 0]:662
[163, 24, 13, 11, 0]:558
[163, 101, 78, 26, 0]:703
[163, 124, 114, 33, 0]:833
[163, 128, 114, 43, 0]:846
[163, 117, 81, 76, 0]:764
[163, 150, 86, 73, 0]:574
[163, 130, 65, 8, 0]:644
[163, 91, 34, 9, 0]:648
[163, 107, 58, 14, 0]:657
[163, 138, 126, 1, 0]:1089
[163, 134, 18, 10, 0]:736
[163, 135, 94, 74, 0]:790
[163, 110, 63, 19, 0]:672
[163, 133, 74, 62, 0]:739
[163, 79, 39, 22, 0]:672
[163, 86, 41, 33, 0]:672
[163, 136, 85, 45, 0]:742
[163, 118, 33, 27, 0]:668
[163, 67, 15, 2, 0]:656
[163, 86, 78, 13, 0]:738
[163, 126, 31, 3, 0]:648
[163, 107, 78, 16, 0]:720
[163, 106, 96, 39, 0]:588
[163, 127, 43, 22, 0]:654
[163, 145, 96, 9, 0]:817
[163, 133, 88, 60, 0]:732
[163, 149, 93, 22, 0]:839
[163, 93, 90, 66, 0]:787
[163, 124, 95, 5, 0]:812
[163, 85, 50, 12, 0]:692
[163, 102, 57, 55, 0]:709
[163, 139, 78, 47, 0]:732
[163, 74, 37, 2, 0]:617
[163, 89, 64, 29, 0]:674
[163, 114, 113, 88, 0]:836
[163, 104, 75, 58, 0]:731
[163, 64, 14, 8, 0]:649
[163, 42, 25, 18, 0]:671
[163, 87, 50, 19, 0]:673
[163, 127, 105, 10, 0]:801
[163, 133, 120, 54, 0]:905
[163, 115, 88, 66, 0]:772
[163, 125, 122, 81, 0]:766
[163, 113, 31, 12, 0]:648
[163, 116, 32, 18, 0]:651
[163, 138, 117, 106, 0]:1089
[163, 102, 55, 27, 0]:655
[163, 131, 121, 87, 0]:975
[163, 135, 58, 42, 0]:702
[163, 149, 44, 28, 0]:670
[163, 64, 31, 21, 0]:673
[163, 126, 43, 15, 0]:722
[163, 78, 64, 18, 0]:710
[163, 145, 86, 54, 0]:793
[163, 146, 75, 16, 0]:720
[163, 133, 57, 30, 0]:598
[163, 147, 92, 17, 0]:765
[163, 132, 73, 29, 0]:702
[163, 139, 32, 14, 0]:655
[163, 73, 56, 36, 0]:701
[163, 138, 111, 76, 0]:894
[163, 124, 108, 9, 0]:828
[163, 152, 55, 38, 0]:802
[163, 123, 69, 36, 0]:696
[163, 126, 21, 9, 0]:648
[163, 112, 75, 6, 0]:709
[163, 144, 97, 68, 0]:870
[163, 118, 16, 10, 0]:651
[163, 108, 71, 38, 0]:700
[163, 42, 13, 2, 0]:655
[163, 134, 105, 35, 0]:631
[163, 105, 100, 72, 0]:814
[163, 61, 46, 12, 0]:685
[163, 120, 110, 95, 0]:898
[163, 95, 77, 25, 0]:718
[163, 141, 103, 52, 0]:816
[163, 115, 100, 90, 0]:840
[163, 99, 98, 58, 0]:785
[163, 150, 21, 6, 0]:655
[163, 57, 40, 39, 0]:706
[163, 140, 61, 41, 0]:694
[163, 140, 46, 11, 0]:662
[163, 128, 88, 50, 0]:748
[163, 131, 48, 2, 0]:663
[163, 153, 100, 87, 0]:1127
[163, 110, 30, 17, 0]:655
[163, 130, 71, 6, 0]:696
[163, 44, 26, 21, 0]:675
[163, 34, 33, 11, 0]:688
[163, 122, 64, 27, 0]:675
[163, 90, 76, 28, 0]:699
[163, 117, 100, 48, 0]:768
[163, 127, 112, 30, 0]:862
[163, 136, 52, 18, 0]:672
[163, 140, 101, 4, 0]:838
[163, 133, 116, 2, 0]:927
[163, 49, 23, 6, 0]:655
[163, 70, 32, 6, 0]:676
[163, 105, 100, 97, 0]:880
[163, 100, 81, 2, 0]:739
[163, 58, 12, 2, 0]:652
[163, 109, 10, 1, 0]:648
[163, 60, 37, 9, 0]:674
[163, 135, 58, 54, 0]:726
[163, 137, 102, 8, 0]:939
[163, 141, 123, 75, 0]:951
[163, 145, 52, 18, 0]:592
[163, 86, 73, 45, 0]:714
[163, 141, 111, 108, 0]:1059
[163, 136, 81, 50, 0]:759
[163, 112, 105, 100, 0]:881
[163, 58, 21, 2, 0]:656
[163, 68, 53, 25, 0]:695
[163, 136, 118, 43, 0]:930
[163, 148, 61, 60, 0]:794
[163, 134, 99, 37, 0]:768
[163, 139, 126, 5, 0]:1017
[163, 108, 65, 49, 0]:706
[163, 143, 128, 45, 0]:1180
[163, 78, 69, 24, 0]:714
[163, 130, 84, 14, 0]:736
[163, 112, 105, 70, 0]:816
[163, 145, 128, 68, 0]:1131
[163, 125, 81, 10, 0]:715
[163, 29, 18, 16, 0]:665
[163, 52, 25, 16, 0]:657
[163, 38, 16, 12, 0]:658
[163, 71, 34, 20, 0]:662
[163, 65, 51, 8, 0]:699
[163, 153, 103, 45, 0]:978
[163, 108, 82, 20, 0]:730
[163, 153, 81, 21, 0]:859
[163, 99, 73, 60, 0]:730
[163, 145, 123, 101, 0]:1021
[163, 42, 35, 11, 0]:684
[163, 138, 97, 35, 0]:776
[163, 95, 54, 50, 0]:701
[163, 117, 31, 10, 0]:648
[163, 146, 93, 59, 0]:714
[163, 81, 44, 1, 0]:674
[163, 60, 38, 14, 0]:681
[163, 132, 117, 39, 0]:875
[163, 80, 58, 21, 0]:698
[163, 48, 29, 17, 0]:667
[163, 64, 45, 7, 0]:695
[163, 144, 74, 61, 0]:879
[163, 29, 18, 8, 0]:657
[163, 95, 82, 26, 0]:697
[163, 148, 105, 84, 0]:945
[163, 135, 84, 6, 0]:783
[163, 119, 86, 85, 0]:822
[163, 113, 47, 36, 0]:672
[163, 85, 33, 28, 0]:670
[163, 153, 87, 61, 0]:916
[163, 90, 81, 78, 0]:797
[163, 99, 82, 62, 0]:754
[163, 117, 63, 34, 0]:674
[163, 57, 29, 22, 0]:668
[163, 152, 66, 1, 0]:838
[163, 136, 45, 4, 0]:665
[163, 120, 58, 1, 0]:662
[163, 134, 58, 30, 0]:675
[163, 115, 63, 46, 0]:700
[163, 124, 61, 40, 0]:687
[163, 146, 101, 63, 0]:810
[163, 146, 117, 10, 0]:1195
[163, 118, 87, 37, 0]:741
[163, 88, 77, 42, 0]:718
[163, 117, 104, 4, 0]:803
[163, 140, 130, 66, 0]:927
[163, 117, 90, 42, 0]:739
[163, 132, 13, 9, 0]:652
[163, 124, 105, 70, 0]:803
[163, 117, 105, 70, 0]:812
[163, 147, 122, 11, 0]:1143
[163, 67, 39, 22, 0]:679
[163, 131, 58, 24, 0]:673
[163, 115, 40, 25, 0]:657
[163, 66, 61, 57, 0]:751
[163, 85, 75, 8, 0]:725
[163, 39, 33, 18, 0]:685
[163, 41, 38, 9, 0]:691
[163, 117, 106, 50, 0]:792
[163, 125, 24, 22, 0]:667
[163, 119, 118, 72, 0]:862
[163, 143, 88, 5, 0]:979
[163, 61, 13, 10, 0]:657
[163, 57, 25, 10, 0]:654
[163, 149, 112, 39, 0]:965
[163, 27, 22, 19, 0]:679
[163, 119, 43, 14, 0]:648
[163, 54, 25, 6, 0]:655
[163, 97, 43, 10, 0]:648
[163, 106, 48, 38, 0]:675
[163, 100, 36, 22, 0]:655
[163, 133, 61, 40, 0]:696
[163, 46, 40, 15, 0]:685
[163, 139, 70, 39, 0]:700
[163, 55, 48, 2, 0]:689
[163, 121, 105, 59, 0]:789
[163, 105, 43, 38, 0]:680
[163, 139, 108, 14, 0]:995
[163, 63, 17, 16, 0]:662
[163, 88, 73, 24, 0]:706
[163, 92, 89, 70, 0]:793
[163, 105, 100, 16, 0]:824
[163, 66, 28, 9, 0]:659
[163, 102, 79, 15, 0]:724
[163, 64, 44, 18, 0]:683
[163, 98, 61, 12, 0]:695
[163, 108, 30, 3, 0]:648
[163, 130, 114, 95, 0]:921
[163, 130, 101, 75, 0]:809
[163, 130, 76, 1, 0]:715
[163, 145, 132, 88, 0]:1144
[163, 107, 61, 2, 0]:668
[163, 112, 26, 20, 0]:661
[163, 46, 39, 18, 0]:690
[163, 124, 84, 2, 0]:758
[163, 74, 41, 6, 0]:671
[163, 100, 84, 41, 0]:731
[163, 125, 39, 10, 0]:716
[163, 122, 56, 51, 0]:702
[163, 113, 29, 22, 0]:662
[163, 73, 72, 34, 0]:723
[163, 119, 109, 87, 0]:806
[163, 126, 33, 12, 0]:648
[163, 58, 51, 16, 0]:696
[163, 143, 109, 5, 0]:873
[163, 145, 56, 44, 0]:716
[163, 88, 44, 14, 0]:621
[163, 145, 56, 12, 0]:689
[163, 109, 54, 27, 0]:542
[163, 153, 64, 5, 0]:838
[163, 130, 128, 98, 0]:992
[163, 138, 77, 37, 0]:714
[163, 138, 122, 2, 0]:1069
[163, 110, 96, 1, 0]:770
[163, 85, 45, 26, 0]:678
[163, 63, 55, 38, 0]:715
[163, 148, 105, 101, 0]:1158
[163, 128, 19, 5, 0]:648
[163, 70, 37, 4, 0]:620
[163, 138, 34, 1, 0]:656
[163, 132, 72, 69, 0]:756
[163, 81, 72, 1, 0]:723
[163, 142, 89, 23, 0]:752
[163, 90, 72, 63, 0]:743
[163, 109, 84, 76, 0]:794
[163, 92, 77, 57, 0]:735
[163, 122, 81, 65, 0]:622
[163, 79, 12, 5, 0]:652
[163, 128, 48, 1, 0]:660
[163, 8, 2, 1, 0]:583
[163, 149, 15, 4, 0]:648
[163, 141, 25, 12, 0]:650
[163, 84, 59, 1, 0]:697
[163, 134, 109, 59, 0]:854
[163, 122, 11, 6, 0]:648
[163, 80, 22, 17, 0]:662
[163, 74, 59, 42, 0]:710
[163, 98, 34, 26, 0]:665
[163, 81, 58, 17, 0]:691
[163, 101, 85, 56, 0]:741
[163, 89, 86, 33, 0]:749
[163, 147, 104, 37, 0]:1034
[163, 148, 73, 46, 0]:848
[163, 123, 64, 54, 0]:718
[163, 64, 60, 9, 0]:713
[163, 151, 73, 69, 0]:772
[163, 128, 107, 25, 0]:821
[163, 154, 81, 18, 0]:798
[163, 137, 46, 21, 0]:667
[163, 154, 84, 39, 0]:823
[163, 42, 41, 2, 0]:652
[163, 142, 33, 21, 0]:550
[163, 82, 29, 12, 0]:667
[163, 108, 52, 5, 0]:648
[163, 91, 69, 18, 0]:703
[163, 150, 119, 109, 0]:1335
[163, 43, 30, 14, 0]:672
[163, 147, 93, 25, 0]:770
[163, 46, 25, 22, 0]:671
[163, 52, 25, 12, 0]:657
[163, 131, 72, 65, 0]:751
[163, 146, 110, 67, 0]:872
[163, 109, 95, 77, 0]:804
[163, 148, 127, 78, 0]:1134
[163, 132, 113, 107, 0]:952
[163, 137, 76, 41, 0]:741
[163, 154, 109, 24, 0]:1007
[163, 60, 8, 2, 0]:652
[163, 145, 126, 30, 0]:1114
[163, 95, 22, 18, 0]:661
[163, 108, 91, 53, 0]:629
[163, 110, 94, 27, 0]:765
[163, 127, 120, 82, 0]:924
[163, 70, 63, 28, 0]:724
[163, 126, 30, 1, 0]:648
[163, 138, 136, 53, 0]:1123
[163, 95, 64, 53, 0]:717
[163, 59, 39, 34, 0]:689
[163, 45, 44, 13, 0]:701
[163, 147, 129, 57, 0]:1141
[163, 86, 81, 16, 0]:736
[163, 149, 91, 74, 0]:846
[163, 131, 16, 6, 0]:648
[163, 67, 63, 14, 0]:715
[163, 123, 54, 39, 0]:684
[163, 101, 62, 57, 0]:614
[163, 152, 117, 29, 0]:1202
[163, 42, 37, 25, 0]:687
[163, 118, 43, 18, 0]:648
[163, 97, 52, 25, 0]:654
[163, 100, 90, 21, 0]:754
[163, 90, 58, 33, 0]:692
[163, 63, 52, 1, 0]:706
[163, 63, 23, 14, 0]:664
[163, 124, 46, 31, 0]:712
[163, 151, 44, 14, 0]:680
[163, 156, 25, 11, 0]:642
[163, 119, 105, 64, 0]:793
[163, 86, 34, 21, 0]:658
[163, 90, 22, 2, 0]:653
[163, 137, 86, 57, 0]:763
[163, 137, 120, 5, 0]:962
[163, 128, 14, 7, 0]:586
[163, 142, 47, 5, 0]:661
[163, 120, 58, 27, 0]:666
[163, 101, 95, 85, 0]:823
[163, 105, 59, 8, 0]:664
[163, 66, 55, 23, 0]:701
[163, 126, 75, 48, 0]:728
[163, 113, 87, 31, 0]:740
[163, 103, 58, 34, 0]:669
[163, 126, 82, 40, 0]:729
[163, 111, 102, 31, 0]:782
[163, 93, 73, 67, 0]:760
[163, 128, 82, 20, 0]:729
[163, 129, 53, 40, 0]:745
[163, 126, 125, 104, 0]:1020
[163, 149, 87, 62, 0]:873
[163, 138, 104, 10, 0]:830
[163, 142, 55, 28, 0]:681
[163, 109, 50, 6, 0]:648
[163, 81, 77, 70, 0]:784
[163, 84, 63, 49, 0]:730
[163, 92, 70, 3, 0]:711
[163, 146, 104, 33, 0]:979
[163, 101, 8, 4, 0]:603
[163, 65, 36, 4, 0]:668
[163, 92, 53, 51, 0]:707
[163, 117, 50, 25, 0]:656
[163, 111, 66, 4, 0]:683
[163, 156, 46, 14, 0]:670
[163, 131, 46, 5, 0]:661
[163, 105, 100, 2, 0]:792
[163, 100, 63, 6, 0]:588
[163, 139, 49, 40, 0]:702
[163, 51, 38, 20, 0]:680
[163, 46, 37, 3, 0]:689
[163, 16, 15, 9, 0]:665
[163, 133, 69, 46, 0]:728
[163, 123, 85, 12, 0]:724
[163, 144, 135, 37, 0]:1170
[163, 64, 48, 26, 0]:689
[163, 58, 56, 21, 0]:707
[163, 58, 41, 21, 0]:687
[163, 58, 25, 7, 0]:655
[163, 107, 44, 22, 0]:596
[163, 154, 93, 67, 0]:819
[163, 135, 20, 13, 0]:653
[163, 93, 74, 70, 0]:658
[163, 93, 91, 47, 0]:748
[163, 75, 48, 34, 0]:688
[163, 154, 108, 86, 0]:1085
[163, 75, 51, 42, 0]:709
[163, 127, 42, 26, 0]:662
[163, 125, 118, 54, 0]:862
[163, 130, 100, 1, 0]:796
[163, 147, 133, 74, 0]:1157
[163, 82, 78, 19, 0]:740
[163, 133, 129, 10, 0]:977
[163, 126, 58, 3, 0]:668
[163, 73, 69, 14, 0]:736
[163, 137, 35, 13, 0]:657
[163, 102, 50, 26, 0]:649
[163, 122, 98, 10, 0]:771
[163, 113, 33, 8, 0]:648
[163, 135, 119, 14, 0]:1033
[163, 151, 105, 53, 0]:826
[163, 142, 113, 93, 0]:935
[163, 106, 19, 1, 0]:648
[163, 148, 74, 29, 0]:724
[163, 140, 121, 12, 0]:1035
[163, 46, 33, 22, 0]:688
[163, 137, 27, 26, 0]:538
[163, 126, 115, 53, 0]:848
[163, 154, 93, 81, 0]:950
[163, 78, 34, 5, 0]:660
[163, 120, 85, 8, 0]:805
[163, 153, 109, 49, 0]:995
[163, 139, 122, 77, 0]:986
[163, 122, 58, 33, 0]:671
[163, 109, 105, 28, 0]:797
[163, 145, 102, 90, 0]:948
[163, 156, 114, 63, 0]:1184
[163, 109, 66, 41, 0]:696
[163, 79, 66, 3, 0]:713
[163, 132, 11, 1, 0]:648
[163, 122, 66, 25, 0]:584
[163, 114, 53, 50, 0]:697
[163, 80, 42, 32, 0]:672
[163, 106, 27, 6, 0]:648
[163, 80, 74, 42, 0]:740
[163, 123, 94, 72, 0]:797
[163, 64, 26, 5, 0]:660
[163, 133, 126, 60, 0]:867
[163, 109, 97, 28, 0]:770
[163, 135, 70, 18, 0]:693
[163, 130, 115, 24, 0]:912
[163, 86, 68, 28, 0]:713
[163, 141, 27, 16, 0]:657
[163, 158, 94, 59, 0]:1047
[163, 102, 72, 49, 0]:710
[163, 80, 39, 22, 0]:670
[163, 140, 61, 27, 0]:685
[163, 107, 6, 1, 0]:648
[163, 130, 97, 22, 0]:626
[163, 121, 109, 10, 0]:853
[163, 105, 103, 62, 0]:813
[163, 129, 91, 58, 0]:758
[163, 86, 48, 26, 0]:660
[163, 141, 132, 121, 0]:1055
[163, 145, 93, 16, 0]:912
[163, 126, 100, 57, 0]:738
[163, 89, 64, 24, 0]:690
[163, 31, 3, 2, 0]:648
[163, 107, 98, 46, 0]:766
[163, 147, 101, 80, 0]:921
[163, 149, 84, 71, 0]:867
[163, 48, 38, 8, 0]:679
[163, 153, 58, 5, 0]:927
[163, 56, 37, 20, 0]:675
[163, 95, 93, 50, 0]:743
[163, 102, 97, 14, 0]:778
[163, 141, 68, 52, 0]:728
[163, 144, 85, 81, 0]:840
[163, 152, 97, 65, 0]:936
[163, 137, 124, 45, 0]:819
[163, 124, 114, 89, 0]:922
[163, 61, 38, 11, 0]:671
[163, 99, 40, 6, 0]:648
[163, 51, 32, 25, 0]:677
[163, 120, 85, 16, 0]:738
[163, 125, 102, 41, 0]:678
[163, 87, 62, 14, 0]:696
[163, 155, 110, 61, 0]:933
[163, 45, 12, 10, 0]:655
[163, 126, 6, 4, 0]:649
[163, 65, 36, 16, 0]:662
[163, 40, 12, 1, 0]:654
[163, 73, 33, 17, 0]:663
[163, 45, 44, 26, 0]:705
[163, 141, 42, 33, 0]:774
[163, 112, 71, 5, 0]:757
[163, 44, 25, 3, 0]:672
[163, 153, 55, 53, 0]:939
[163, 106, 42, 3, 0]:648
[163, 116, 110, 73, 0]:835
[163, 110, 39, 17, 0]:648
[163, 60, 55, 26, 0]:702
[163, 140, 74, 63, 0]:756
[163, 70, 61, 58, 0]:753
[163, 144, 113, 37, 0]:902
[163, 148, 137, 71, 0]:1298
[163, 155, 62, 12, 0]:713
[163, 120, 35, 14, 0]:648
[163, 145, 102, 1, 0]:892
[163, 127, 110, 108, 0]:928
[163, 82, 35, 6, 0]:667
[163, 74, 52, 35, 0]:695
[163, 147, 107, 106, 0]:1155
[163, 40, 38, 20, 0]:621
[163, 103, 100, 34, 0]:773
[163, 50, 46, 32, 0]:709
[163, 93, 82, 75, 0]:791
[163, 123, 99, 81, 0]:814
[163, 98, 82, 26, 0]:734
[163, 63, 38, 10, 0]:663
[163, 65, 54, 5, 0]:700
[163, 87, 79, 54, 0]:740
[163, 97, 36, 33, 0]:661
[163, 154, 27, 5, 0]:753
[163, 125, 46, 15, 0]:655
[163, 94, 65, 5, 0]:700
[163, 109, 57, 22, 0]:654
[163, 75, 57, 4, 0]:698
[163, 155, 72, 58, 0]:890
[163, 140, 54, 35, 0]:693
[163, 153, 51, 7, 0]:705
[163, 138, 99, 36, 0]:949
[163, 94, 60, 13, 0]:706
[163, 138, 131, 68, 0]:1083
[163, 121, 113, 41, 0]:816
[163, 132, 107, 14, 0]:835
[163, 124, 103, 58, 0]:778
[163, 129, 85, 13, 0]:739
[163, 153, 82, 38, 0]:745
[163, 115, 68, 53, 0]:719
[163, 85, 82, 61, 0]:767
[163, 69, 47, 4, 0]:690
[163, 65, 50, 27, 0]:696
[163, 131, 94, 20, 0]:794
[163, 148, 129, 40, 0]:1099
[163, 146, 143, 99, 0]:1353
[163, 124, 26, 5, 0]:648
[163, 85, 61, 28, 0]:694
[163, 145, 115, 9, 0]:1071
[163, 32, 31, 2, 0]:652
[163, 121, 76, 61, 0]:741
[163, 101, 84, 11, 0]:753
[163, 110, 36, 34, 0]:679
[163, 138, 64, 59, 0]:738
[163, 63, 46, 28, 0]:684
[163, 86, 28, 11, 0]:651
[163, 122, 97, 5, 0]:793
[163, 24, 16, 5, 0]:661
[163, 138, 136, 99, 0]:1146
[163, 151, 90, 69, 0]:813
[163, 132, 81, 7, 0]:728
[163, 39, 35, 2, 0]:684
[163, 48, 34, 22, 0]:669
[163, 93, 34, 20, 0]:653
[163, 137, 112, 80, 0]:900
[163, 59, 47, 10, 0]:701
[163, 72, 18, 16, 0]:661
[163, 51, 27, 10, 0]:660
[163, 76, 64, 18, 0]:714
[163, 72, 58, 5, 0]:715
[163, 54, 41, 23, 0]:687
[163, 140, 69, 37, 0]:764
[163, 127, 114, 4, 0]:861
[163, 58, 54, 21, 0]:705
[163, 54, 50, 47, 0]:733
[163, 107, 44, 9, 0]:648
[163, 105, 96, 48, 0]:718
[163, 16, 12, 10, 0]:665
[163, 117, 108, 18, 0]:837
[163, 119, 60, 14, 0]:663
[163, 122, 69, 49, 0]:718
[163, 60, 37, 32, 0]:688
[163, 141, 96, 27, 0]:778
[163, 109, 103, 22, 0]:781
[163, 141, 88, 15, 0]:769
[163, 79, 73, 34, 0]:712
[163, 126, 99, 85, 0]:834
[163, 61, 44, 26, 0]:688
[163, 134, 111, 41, 0]:932
[163, 145, 22, 1, 0]:759
[163, 77, 74, 27, 0]:730
[163, 116, 69, 34, 0]:602
[163, 148, 106, 7, 0]:881
[163, 154, 33, 2, 0]:841
[163, 133, 116, 9, 0]:919
[163, 130, 93, 21, 0]:761
[163, 150, 61, 20, 0]:877
[163, 135, 118, 68, 0]:959
[163, 82, 81, 26, 0]:592
[163, 111, 31, 18, 0]:652
[163, 133, 68, 57, 0]:732
[163, 77, 15, 10, 0]:660
[163, 137, 38, 3, 0]:659
[163, 51, 46, 4, 0]:697
[163, 156, 31, 5, 0]:677
[163, 140, 129, 115, 0]:1251
[163, 134, 70, 9, 0]:720
[163, 111, 54, 46, 0]:686
[163, 157, 50, 38, 0]:674
[163, 120, 117, 81, 0]:902
[163, 78, 77, 70, 0]:754
[163, 145, 94, 72, 0]:860
[163, 77, 12, 2, 0]:656
[163, 89, 52, 30, 0]:680
[163, 70, 56, 26, 0]:702
[163, 104, 48, 1, 0]:648
[163, 111, 90, 70, 0]:780
[163, 57, 39, 12, 0]:681
[163, 121, 90, 35, 0]:751
[163, 118, 50, 20, 0]:652
[163, 134, 61, 11, 0]:679
[163, 65, 51, 2, 0]:693
[163, 129, 100, 46, 0]:777
[163, 141, 82, 41, 0]:666
[163, 117, 63, 48, 0]:704
[163, 142, 113, 77, 0]:918
[163, 135, 112, 77, 0]:896
[163, 79, 66, 21, 0]:711
[163, 153, 47, 43, 0]:936
[163, 115, 29, 20, 0]:658
[163, 102, 60, 22, 0]:665
[163, 137, 78, 13, 0]:784
[163, 78, 73, 26, 0]:739
[163, 130, 117, 104, 0]:923
[163, 58, 15, 13, 0]:658
[163, 120, 69, 58, 0]:733
[163, 153, 84, 81, 0]:832
[163, 126, 106, 75, 0]:809
[163, 58, 42, 13, 0]:688
[163, 127, 87, 46, 0]:742
[163, 45, 28, 10, 0]:662
[163, 138, 88, 45, 0]:725
[163, 76, 54, 44, 0]:706
[163, 145, 63, 5, 0]:703
[163, 73, 37, 4, 0]:662
[163, 98, 44, 7, 0]:651
[163, 150, 85, 26, 0]:742
[163, 100, 54, 13, 0]:655
[163, 79, 78, 63, 0]:780
[163, 150, 116, 107, 0]:1227
[163, 117, 18, 6, 0]:652
[163, 57, 47, 28, 0]:697
[163, 110, 47, 9, 0]:648
[163, 50, 47, 43, 0]:731
[163, 81, 76, 36, 0]:729
[163, 154, 89, 83, 0]:814
[163, 110, 89, 12, 0]:750
[163, 121, 102, 87, 0]:838
[163, 126, 81, 18, 0]:726
[163, 83, 46, 38, 0]:691
[163, 105, 88, 41, 0]:769
[163, 153, 121, 14, 0]:1413
[163, 155, 89, 43, 0]:911
[163, 97, 51, 26, 0]:652
[163, 139, 18, 3, 0]:648
[163, 150, 118, 113, 0]:1264
[163, 153, 66, 60, 0]:850
[163, 112, 89, 68, 0]:777
[163, 119, 41, 16, 0]:648
[163, 133, 120, 28, 0]:966
[163, 154, 81, 3, 0]:911
[163, 90, 44, 35, 0]:673
[163, 147, 67, 34, 0]:825
[163, 115, 82, 6, 0]:732
[163, 123, 114, 3, 0]:847
[163, 137, 26, 12, 0]:537
[163, 55, 51, 26, 0]:704
[163, 144, 10, 8, 0]:653
[163, 148, 68, 14, 0]:814
[163, 102, 29, 22, 0]:662
[163, 93, 61, 42, 0]:706
[163, 132, 127, 38, 0]:915
[163, 63, 37, 14, 0]:673
[163, 8, 6, 4, 0]:570
[163, 138, 135, 49, 0]:1038
[163, 119, 75, 58, 0]:618
[163, 144, 44, 2, 0]:675
[163, 122, 117, 73, 0]:887
[163, 100, 99, 14, 0]:795
[163, 49, 30, 25, 0]:675
[163, 62, 52, 30, 0]:703
[163, 153, 118, 107, 0]:1304
[163, 138, 127, 98, 0]:1073
[163, 103, 50, 33, 0]:663
[163, 55, 17, 14, 0]:658
[163, 151, 124, 66, 0]:1134
[163, 100, 92, 69, 0]:791
[163, 121, 105, 10, 0]:886
[163, 127, 66, 5, 0]:653
[163, 30, 29, 13, 0]:680
[163, 157, 72, 40, 0]:936
[163, 125, 52, 9, 0]:661
[163, 61, 60, 8, 0]:717
[163, 152, 27, 2, 0]:666
[163, 72, 54, 27, 0]:625
[163, 62, 50, 19, 0]:705
[163, 130, 22, 18, 0]:661
[163, 126, 50, 28, 0]:665
[163, 156, 62, 26, 0]:724
[163, 73, 68, 44, 0]:727
[163, 105, 94, 43, 0]:753
[163, 129, 107, 19, 0]:829
[163, 114, 94, 91, 0]:867
[163, 128, 49, 14, 0]:569
[163, 126, 75, 61, 0]:750
[163, 94, 57, 33, 0]:675
[163, 120, 109, 57, 0]:812
[163, 149, 28, 2, 0]:655
[163, 94, 89, 41, 0]:744
[163, 148, 112, 21, 0]:1015
[163, 89, 59, 25, 0]:687
[163, 129, 94, 70, 0]:826
[163, 129, 80, 50, 0]:742
[163, 158, 104, 19, 0]:1285
[163, 103, 72, 21, 0]:699
[163, 138, 118, 99, 0]:982
[163, 44, 37, 30, 0]:620
[163, 125, 86, 24, 0]:760
[163, 142, 42, 35, 0]:658
[163, 82, 76, 10, 0]:732
[163, 154, 82, 37, 0]:907
[163, 115, 89, 6, 0]:757
[163, 95, 33, 4, 0]:648
[163, 127, 122, 74, 0]:912
[163, 99, 56, 10, 0]:673
[163, 32, 27, 13, 0]:675
[163, 58, 37, 18, 0]:676
[163, 151, 66, 37, 0]:844
[163, 103, 87, 22, 0]:732
[163, 142, 83, 35, 0]:732
[163, 140, 29, 1, 0]:653
[163, 93, 48, 13, 0]:669
[163, 152, 77, 70, 0]:880
[163, 102, 97, 35, 0]:762
[163, 149, 49, 30, 0]:801
[163, 114, 101, 34, 0]:775
[163, 138, 130, 66, 0]:900
[163, 143, 125, 88, 0]:1045
[163, 42, 32, 20, 0]:682
[163, 146, 63, 10, 0]:821
[163, 85, 64, 1, 0]:709
[163, 64, 60, 29, 0]:698
[163, 130, 98, 84, 0]:779
[163, 61, 24, 15, 0]:656
[163, 121, 90, 56, 0]:749
[163, 104, 76, 50, 0]:713
[163, 122, 72, 26, 0]:699
[163, 102, 59, 34, 0]:677
[163, 134, 127, 18, 0]:1102
[163, 121, 119, 36, 0]:877
[163, 74, 64, 2, 0]:713
[163, 123, 84, 18, 0]:737
[163, 88, 63, 18, 0]:698
[163, 82, 63, 49, 0]:723
[163, 63, 61, 54, 0]:755
[163, 82, 63, 51, 0]:732
[163, 109, 56, 14, 0]:651
[163, 112, 37, 31, 0]:672
[163, 107, 103, 90, 0]:842
[163, 81, 28, 2, 0]:662
[163, 42, 37, 1, 0]:692
[163, 131, 113, 46, 0]:949
[163, 131, 96, 22, 0]:792
[163, 101, 89, 78, 0]:792
[163, 54, 26, 25, 0]:675
[163, 156, 46, 18, 0]:760
[163, 133, 95, 18, 0]:768
[163, 51, 49, 26, 0]:698
[163, 144, 66, 58, 0]:743
[163, 152, 33, 23, 0]:732
[163, 146, 40, 39, 0]:779
[163, 139, 122, 47, 0]:965
[163, 147, 93, 12, 0]:932
[163, 133, 114, 14, 0]:881
[163, 143, 52, 14, 0]:679
[163, 122, 115, 9, 0]:893
[163, 139, 87, 54, 0]:763
[163, 135, 64, 14, 0]:683
[163, 157, 46, 30, 0]:826
[163, 126, 32, 25, 0]:665
[163, 86, 41, 24, 0]:663
[163, 80, 63, 25, 0]:698
[163, 58, 50, 2, 0]:701
[163, 143, 106, 96, 0]:808
[163, 149, 12, 2, 0]:648
[163, 114, 88, 81, 0]:811
[163, 155, 125, 88, 0]:1314
[163, 148, 90, 59, 0]:887
[163, 121, 33, 12, 0]:648
[163, 107, 21, 20, 0]:666
[163, 49, 34, 12, 0]:674
[163, 145, 123, 83, 0]:867
[163, 64, 20, 17, 0]:661
[163, 150, 82, 16, 0]:949
[163, 133, 64, 21, 0]:839
[163, 62, 27, 8, 0]:677
[163, 154, 98, 21, 0]:831
[163, 151, 49, 16, 0]:687
[163, 58, 28, 9, 0]:661
[163, 94, 67, 28, 0]:693
[163, 75, 71, 70, 0]:781
[163, 70, 30, 2, 0]:666
[163, 136, 82, 18, 0]:740
[163, 157, 87, 74, 0]:1088
[163, 145, 136, 121, 0]:1212
[163, 114, 54, 10, 0]:650
[163, 111, 40, 29, 0]:665
[163, 85, 37, 30, 0]:689
[163, 45, 38, 26, 0]:689
[163, 109, 102, 82, 0]:782
[163, 138, 89, 68, 0]:775
[163, 82, 61, 51, 0]:721
[163, 118, 39, 5, 0]:651
[163, 114, 97, 82, 0]:811
[163, 71, 50, 12, 0]:683
[163, 70, 20, 11, 0]:658
[163, 46, 30, 14, 0]:605
[163, 77, 61, 50, 0]:728
[163, 136, 125, 102, 0]:1036
[163, 57, 54, 27, 0]:644
[163, 115, 92, 90, 0]:855
[163, 150, 30, 27, 0]:845
[163, 55, 26, 17, 0]:667
[163, 144, 31, 14, 0]:659
[163, 122, 83, 82, 0]:697
[163, 37, 8, 2, 0]:650
[163, 149, 74, 24, 0]:720
[163, 73, 61, 18, 0]:711
[163, 79, 38, 14, 0]:668
[163, 111, 97, 60, 0]:770
[163, 108, 61, 44, 0]:692
[163, 95, 34, 6, 0]:650
[163, 40, 35, 21, 0]:702
[163, 100, 21, 2, 0]:648
[163, 38, 27, 1, 0]:679
[163, 81, 51, 42, 0]:697
[163, 109, 79, 78, 0]:795
[163, 54, 53, 17, 0]:700
[163, 142, 129, 12, 0]:1021
[163, 141, 102, 88, 0]:905
[163, 143, 77, 18, 0]:719
[163, 45, 37, 28, 0]:691
[163, 139, 100, 69, 0]:801
[163, 142, 124, 63, 0]:1036
[163, 114, 93, 49, 0]:705
[163, 157, 101, 30, 0]:1002
[163, 123, 48, 13, 0]:668
[163, 87, 15, 10, 0]:655
[163, 106, 57, 22, 0]:594
[163, 138, 106, 89, 0]:854
[163, 146, 143, 16, 0]:1695
[163, 134, 105, 22, 0]:622
[163, 99, 62, 10, 0]:678
[163, 83, 69, 22, 0]:706
[163, 47, 29, 4, 0]:666
[163, 121, 105, 28, 0]:778
[163, 129, 14, 1, 0]:676
[163, 100, 78, 62, 0]:746
[163, 48, 27, 25, 0]:685
[163, 142, 84, 22, 0]:767
[163, 131, 31, 30, 0]:668
[163, 89, 83, 81, 0]:808
[163, 94, 75, 2, 0]:725
[163, 75, 22, 17, 0]:665
[163, 64, 18, 16, 0]:664
[163, 148, 138, 103, 0]:1117
[163, 106, 99, 26, 0]:773
[163, 104, 74, 49, 0]:711
[163, 99, 88, 46, 0]:731
[163, 62, 37, 26, 0]:679
[163, 130, 107, 77, 0]:842
[163, 80, 61, 41, 0]:709
[163, 105, 91, 8, 0]:764
[163, 93, 63, 58, 0]:713
[163, 95, 94, 93, 0]:752
[163, 122, 78, 67, 0]:761
[163, 76, 63, 10, 0]:711
[163, 87, 72, 42, 0]:716
[163, 110, 42, 7, 0]:648
[163, 11, 6, 5, 0]:547
[163, 126, 41, 10, 0]:651
[163, 100, 98, 15, 0]:783
[163, 133, 103, 76, 0]:673
[163, 55, 35, 30, 0]:689
[163, 70, 42, 21, 0]:612
[163, 98, 35, 18, 0]:648
[163, 120, 88, 81, 0]:810
[163, 77, 60, 13, 0]:712
[163, 141, 134, 50, 0]:1135
[163, 108, 90, 28, 0]:747
[163, 146, 58, 6, 0]:694
[163, 78, 46, 18, 0]:676
[163, 93, 13, 12, 0]:658
[163, 102, 49, 10, 0]:648
[163, 91, 29, 24, 0]:675
[163, 111, 34, 26, 0]:659
[163, 104, 37, 5, 0]:648
[163, 84, 76, 69, 0]:772
[163, 106, 88, 9, 0]:749
[163, 153, 41, 4, 0]:688
[163, 134, 30, 4, 0]:648
[163, 150, 112, 1, 0]:1218
[163, 110, 91, 6, 0]:752
[163, 155, 73, 24, 0]:796
[163, 95, 14, 9, 0]:651
[163, 41, 23, 6, 0]:659
[163, 120, 113, 28, 0]:851
[163, 94, 55, 21, 0]:669
[163, 93, 82, 30, 0]:737
[163, 148, 65, 2, 0]:720
[163, 88, 66, 49, 0]:705
[163, 126, 37, 17, 0]:559
[163, 125, 104, 7, 0]:744
[163, 119, 58, 2, 0]:661
[163, 145, 113, 45, 0]:827
[163, 140, 77, 75, 0]:789
[163, 146, 102, 77, 0]:899
[163, 132, 51, 22, 0]:667
[163, 103, 12, 5, 0]:648
[163, 114, 74, 65, 0]:623
[163, 94, 81, 50, 0]:734
[163, 154, 60, 7, 0]:712
[163, 131, 70, 63, 0]:747
[163, 92, 82, 27, 0]:731
[163, 132, 89, 64, 0]:835
[163, 105, 88, 2, 0]:759
[163, 106, 105, 28, 0]:820
[163, 112, 110, 6, 0]:738
[163, 126, 13, 10, 0]:654
[163, 137, 102, 1, 0]:814
[163, 124, 34, 18, 0]:649
[163, 146, 47, 7, 0]:678
[163, 128, 117, 28, 0]:880
[163, 144, 111, 85, 0]:844
[163, 57, 46, 12, 0]:693
[163, 105, 88, 59, 0]:730
[163, 150, 123, 45, 0]:1065
[163, 148, 70, 10, 0]:763
[163, 124, 114, 27, 0]:837
[163, 106, 100, 1, 0]:786
[163, 73, 20, 8, 0]:654
[163, 78, 22, 9, 0]:654
[163, 121, 99, 98, 0]:880
[163, 152, 60, 13, 0]:707
[163, 119, 54, 34, 0]:669
[163, 153, 116, 64, 0]:1092
[163, 112, 102, 69, 0]:740
[163, 73, 45, 8, 0]:668
[163, 94, 58, 19, 0]:681
[163, 145, 110, 60, 0]:869
[163, 106, 46, 19, 0]:648
[163, 131, 119, 78, 0]:935
[163, 110, 72, 55, 0]:629
[163, 142, 95, 39, 0]:773
[163, 141, 129, 70, 0]:1052
[163, 152, 65, 9, 0]:905
[163, 155, 58, 8, 0]:603
[163, 143, 82, 74, 0]:786
[163, 113, 30, 13, 0]:664
[163, 106, 101, 66, 0]:805
[163, 78, 61, 29, 0]:708
[163, 111, 83, 2, 0]:737
[163, 145, 106, 91, 0]:989
[163, 150, 85, 17, 0]:845
[163, 123, 112, 65, 0]:861
[163, 93, 82, 73, 0]:783
[163, 133, 71, 17, 0]:696
[163, 149, 119, 75, 0]:861
[163, 120, 102, 81, 0]:824
[163, 118, 111, 85, 0]:835
[163, 112, 84, 25, 0]:736
[163, 81, 19, 1, 0]:657
[163, 145, 136, 31, 0]:855
[163, 137, 64, 5, 0]:871
[163, 102, 83, 49, 0]:731
[163, 158, 71, 39, 0]:996
[163, 139, 50, 23, 0]:673
[163, 100, 69, 24, 0]:693
[163, 146, 103, 95, 0]:949
[163, 135, 70, 26, 0]:693
[163, 116, 33, 29, 0]:672
[163, 122, 28, 3, 0]:648
[163, 47, 28, 14, 0]:598
[163, 117, 109, 50, 0]:797
[163, 128, 125, 49, 0]:861
[163, 154, 125, 5, 0]:1429
[163, 141, 70, 14, 0]:701
[163, 139, 94, 85, 0]:824
[163, 151, 70, 49, 0]:911
[163, 122, 98, 69, 0]:825
[163, 64, 33, 6, 0]:670
[163, 139, 119, 101, 0]:997
[163, 142, 63, 59, 0]:767
[163, 121, 113, 83, 0]:890
[163, 85, 75, 71, 0]:774
[163, 139, 46, 6, 0]:669
[163, 70, 44, 36, 0]:693
[163, 124, 70, 69, 0]:759
[163, 142, 51, 1, 0]:682
[163, 116, 97, 35, 0]:767
[163, 129, 81, 55, 0]:748
[163, 58, 18, 17, 0]:663
[163, 122, 93, 82, 0]:766
[163, 123, 42, 3, 0]:693
[163, 102, 97, 45, 0]:765
[163, 110, 30, 14, 0]:648
[163, 99, 52, 42, 0]:683
[163, 138, 86, 55, 0]:762
[163, 139, 112, 102, 0]:910
[163, 156, 71, 14, 0]:698
[163, 90, 82, 36, 0]:731
[163, 145, 75, 64, 0]:760
[163, 147, 112, 77, 0]:1029
[163, 57, 22, 14, 0]:665
[163, 149, 88, 72, 0]:807
[163, 146, 75, 53, 0]:738
[163, 113, 68, 57, 0]:723
[163, 141, 58, 29, 0]:637
[163, 148, 104, 6, 0]:906
[163, 104, 70, 17, 0]:702
[163, 133, 78, 50, 0]:738
[163, 83, 22, 3, 0]:571
[163, 78, 25, 3, 0]:668
[163, 109, 64, 9, 0]:720
[163, 46, 31, 12, 0]:674
[163, 100, 42, 25, 0]:655
[163, 83, 29, 16, 0]:664
[163, 125, 118, 114, 0]:1046
[163, 124, 54, 43, 0]:693
[163, 134, 98, 49, 0]:693
[163, 143, 115, 114, 0]:1099
[163, 107, 102, 2, 0]:801
[163, 109, 88, 85, 0]:820
[163, 110, 93, 80, 0]:801
[163, 121, 20, 14, 0]:655
[163, 97, 75, 48, 0]:710
[163, 146, 99, 4, 0]:1057
[163, 86, 54, 23, 0]:691
[163, 106, 31, 13, 0]:654
[163, 34, 32, 20, 0]:687
[163, 129, 56, 50, 0]:711
[163, 133, 39, 30, 0]:562
[163, 138, 111, 88, 0]:868
[163, 74, 62, 19, 0]:715
[163, 66, 23, 10, 0]:653
[163, 151, 122, 56, 0]:977
[163, 157, 114, 14, 0]:1400
[163, 141, 74, 58, 0]:746
[163, 123, 85, 44, 0]:740
[163, 159, 61, 56, 0]:1007
[163, 128, 87, 41, 0]:677
[163, 145, 109, 81, 0]:835
[163, 109, 39, 14, 0]:648
[163, 125, 26, 18, 0]:657
[163, 108, 71, 13, 0]:696
[163, 156, 103, 9, 0]:996
[163, 134, 37, 18, 0]:756
[163, 147, 125, 4, 0]:1325
[163, 150, 103, 86, 0]:914
[163, 60, 38, 7, 0]:675
[163, 149, 110, 66, 0]:871
[163, 100, 97, 61, 0]:785
[163, 142, 77, 21, 0]:639
[163, 138, 58, 5, 0]:841
[163, 93, 58, 12, 0]:689
[163, 58, 57, 39, 0]:727
[163, 152, 113, 42, 0]:1039
[163, 148, 39, 5, 0]:794
[163, 123, 14, 10, 0]:653
[163, 114, 76, 31, 0]:700
[163, 129, 75, 67, 0]:758
[163, 105, 97, 24, 0]:808
[163, 158, 66, 41, 0]:857
[163, 147, 102, 76, 0]:972
[163, 100, 84, 2, 0]:746
[163, 153, 116, 104, 0]:1240
[163, 90, 65, 40, 0]:644
[163, 140, 45, 16, 0]:669
[163, 153, 109, 20, 0]:857
[163, 106, 36, 9, 0]:648
[163, 78, 52, 34, 0]:683
[163, 135, 110, 61, 0]:853
[163, 124, 33, 5, 0]:648
[163, 136, 68, 2, 0]:671
[163, 130, 73, 28, 0]:705
[163, 96, 70, 27, 0]:695
[163, 84, 81, 49, 0]:745
[163, 86, 78, 62, 0]:746
[163, 133, 116, 18, 0]:880
[163, 158, 85, 5, 0]:859
[163, 149, 60, 22, 0]:697
[163, 105, 65, 64, 0]:739
[163, 133, 62, 6, 0]:679
[163, 156, 45, 24, 0]:752
[163, 136, 75, 10, 0]:708
[163, 144, 59, 2, 0]:763
[163, 140, 130, 11, 0]:997
[163, 137, 114, 95, 0]:986
[163, 154, 116, 83, 0]:1169
[163, 106, 95, 50, 0]:758
[163, 142, 102, 21, 0]:735
[163, 159, 41, 10, 0]:930
[163, 139, 106, 39, 0]:987
[163, 61, 48, 15, 0]:694
[163, 146, 107, 45, 0]:879
[163, 86, 35, 31, 0]:674
[163, 82, 61, 25, 0]:697
[163, 45, 6, 1, 0]:652
[163, 145, 115, 99, 0]:1106
[163, 51, 47, 10, 0]:698
[163, 144, 103, 101, 0]:883
[163, 70, 35, 9, 0]:616
[163, 145, 140, 131, 0]:1277
[163, 118, 87, 35, 0]:743
[163, 148, 72, 37, 0]:711
[163, 117, 101, 83, 0]:827
[163, 106, 42, 17, 0]:648
[163, 158, 113, 33, 0]:1230
[163, 51, 38, 14, 0]:681
[163, 138, 62, 22, 0]:684
[163, 86, 81, 70, 0]:779
[163, 148, 50, 2, 0]:689
[163, 142, 12, 9, 0]:654
[163, 137, 48, 10, 0]:669
[163, 127, 105, 17, 0]:799
[163, 114, 100, 67, 0]:792
[163, 158, 123, 25, 0]:1248
[163, 110, 104, 87, 0]:849
[163, 130, 106, 69, 0]:819
[163, 122, 109, 15, 0]:906
[163, 146, 89, 10, 0]:886
[163, 136, 113, 98, 0]:1026
[163, 79, 69, 62, 0]:762
[163, 105, 64, 45, 0]:698
[163, 130, 94, 19, 0]:764
[163, 94, 15, 4, 0]:648
[163, 56, 14, 4, 0]:653
[163, 143, 116, 69, 0]:806
[163, 136, 128, 69, 0]:1001
[163, 125, 91, 24, 0]:756
[163, 106, 83, 2, 0]:741
[163, 78, 34, 17, 0]:619
[163, 139, 117, 90, 0]:977
[163, 154, 111, 25, 0]:996
[163, 127, 105, 73, 0]:826
[163, 123, 78, 64, 0]:748
[163, 96, 87, 46, 0]:735
[163, 116, 66, 55, 0]:720
[163, 146, 136, 29, 0]:1202
[163, 145, 119, 99, 0]:1184
[163, 152, 59, 18, 0]:707
[163, 118, 37, 22, 0]:654
[163, 159, 44, 26, 0]:891
[163, 158, 79, 59, 0]:776
[163, 115, 57, 49, 0]:696
[163, 105, 78, 3, 0]:723
[163, 82, 63, 2, 0]:712
[163, 87, 82, 23, 0]:740
[163, 82, 56, 27, 0]:690
[163, 29, 18, 10, 0]:661
[163, 121, 98, 92, 0]:852
[163, 151, 142, 66, 0]:1526
[163, 153, 95, 85, 0]:584
[163, 157, 76, 60, 0]:940
[163, 128, 52, 6, 0]:771
[163, 151, 75, 50, 0]:750
[163, 155, 86, 9, 0]:721
[163, 121, 65, 5, 0]:678
[163, 151, 75, 6, 0]:722
[163, 99, 85, 50, 0]:768
[163, 114, 103, 70, 0]:813
[163, 129, 60, 49, 0]:710
[163, 153, 29, 17, 0]:670
[163, 153, 114, 87, 0]:1075
[163, 154, 108, 51, 0]:998
[163, 29, 16, 11, 0]:660
[163, 146, 17, 1, 0]:521
[163, 143, 5, 4, 0]:663
[163, 153, 117, 34, 0]:1311
[163, 135, 86, 85, 0]:822
[163, 149, 90, 7, 0]:810
[163, 120, 114, 105, 0]:977
[163, 137, 108, 103, 0]:1001
[163, 150, 120, 45, 0]:1012
[163, 144, 95, 37, 0]:838
[163, 153, 130, 6, 0]:1520
[163, 127, 125, 23, 0]:934
[163, 135, 98, 2, 0]:794
[163, 69, 48, 33, 0]:698
[163, 139, 137, 33, 0]:1089
[163, 154, 136, 99, 0]:1123
[163, 116, 46, 35, 0]:671
[163, 113, 108, 91, 0]:857
[163, 127, 116, 50, 0]:962
[163, 149, 82, 12, 0]:836
[163, 142, 140, 29, 0]:1355
[163, 148, 137, 125, 0]:1608
[163, 138, 45, 13, 0]:768
[163, 156, 129, 21, 0]:1284
[163, 155, 57, 11, 0]:900
[163, 148, 85, 75, 0]:857
[163, 136, 85, 13, 0]:740
[163, 158, 64, 6, 0]:998
[163, 150, 133, 125, 0]:1503
[163, 149, 135, 116, 0]:972
[163, 156, 26, 16, 0]:839
[163, 91, 13, 10, 0]:654
[163, 161, 89, 6, 0]:1065
[163, 146, 143, 72, 0]:1297
[163, 133, 51, 4, 0]:668
[163, 44, 9, 7, 0]:652
[163, 90, 58, 38, 0]:688
[163, 106, 13, 6, 0]:648
[163, 157, 42, 16, 0]:842
[163, 161, 86, 54, 0]:1127
[163, 57, 16, 1, 0]:656
[163, 126, 66, 25, 0]:681
[163, 157, 105, 17, 0]:1022
[163, 51, 49, 46, 0]:734
[163, 81, 33, 1, 0]:668
[163, 139, 70, 12, 0]:698
[163, 91, 37, 10, 0]:652
[163, 33, 28, 22, 0]:684
[163, 85, 61, 40, 0]:702
[163, 151, 142, 115, 0]:1348
[163, 56, 35, 22, 0]:675
[163, 121, 21, 3, 0]:648
[163, 149, 42, 17, 0]:735
[163, 98, 89, 49, 0]:688
[163, 120, 95, 74, 0]:793
[163, 90, 73, 65, 0]:638
[163, 130, 78, 27, 0]:717
[163, 76, 37, 36, 0]:682
[163, 128, 105, 50, 0]:810
[163, 161, 81, 77, 0]:928
[163, 141, 9, 4, 0]:754
[163, 157, 112, 69, 0]:1233
[163, 91, 77, 56, 0]:739
[163, 159, 31, 6, 0]:926
[163, 159, 61, 21, 0]:918
[163, 86, 56, 33, 0]:691
[163, 95, 44, 9, 0]:648
[163, 159, 86, 19, 0]:1087
[163, 139, 111, 110, 0]:1070
[163, 160, 70, 13, 0]:1046
[163, 147, 138, 103, 0]:1410
[163, 106, 55, 4, 0]:605
[163, 159, 110, 106, 0]:542
[163, 137, 115, 2, 0]:1006
[163, 136, 69, 60, 0]:740
[163, 112, 106, 85, 0]:843
[163, 102, 56, 11, 0]:657
[163, 160, 94, 7, 0]:1204
[163, 157, 74, 8, 0]:904
[163, 158, 43, 26, 0]:952
[163, 158, 119, 102, 0]:1571
[163, 134, 22, 5, 0]:648
[163, 82, 57, 35, 0]:710
[163, 114, 82, 5, 0]:735
[163, 158, 63, 4, 0]:946
[163, 136, 94, 63, 0]:773
[163, 105, 92, 2, 0]:756
[163, 112, 109, 9, 0]:838
[163, 92, 66, 38, 0]:698
[163, 136, 74, 26, 0]:705
[163, 93, 58, 51, 0]:706
[163, 131, 81, 46, 0]:855
[163, 141, 106, 29, 0]:840
[163, 153, 94, 14, 0]:942
[163, 157, 129, 77, 0]:1528
[163, 136, 66, 5, 0]:689
[163, 151, 56, 30, 0]:694
[163, 100, 49, 7, 0]:657
[163, 86, 73, 60, 0]:661
[163, 161, 79, 18, 0]:1123
[163, 93, 86, 11, 0]:749
[163, 154, 99, 52, 0]:1028
[163, 101, 46, 15, 0]:648
[163, 142, 95, 14, 0]:787
[163, 111, 70, 67, 0]:744
[163, 141, 94, 80, 0]:813
[163, 118, 96, 85, 0]:822
[163, 156, 79, 74, 0]:979
[163, 138, 125, 97, 0]:1055
[163, 106, 73, 3, 0]:712
[163, 137, 86, 7, 0]:833
[163, 83, 59, 58, 0]:737
[163, 124, 42, 29, 0]:665
[163, 135, 121, 96, 0]:909
[163, 145, 86, 30, 0]:742
[163, 146, 128, 63, 0]:1071
[163, 156, 82, 2, 0]:879
[163, 118, 99, 58, 0]:761
[163, 129, 118, 5, 0]:838
[163, 143, 105, 29, 0]:834
[163, 107, 100, 81, 0]:821
[163, 96, 94, 55, 0]:772
[163, 95, 74, 51, 0]:715
[163, 34, 18, 17, 0]:590
[163, 129, 94, 54, 0]:762
[163, 150, 25, 15, 0]:663
[163, 154, 119, 68, 0]:1081
[163, 78, 38, 14, 0]:666
[163, 137, 72, 8, 0]:717
[163, 159, 70, 36, 0]:943
[163, 74, 49, 39, 0]:692
[163, 58, 48, 42, 0]:720
[163, 157, 84, 50, 0]:939
[163, 136, 109, 54, 0]:580
[163, 159, 61, 54, 0]:993
[163, 160, 47, 14, 0]:1002
[163, 154, 60, 37, 0]:859
[163, 81, 80, 41, 0]:715
[163, 150, 31, 29, 0]:856
[163, 142, 129, 77, 0]:1120
[163, 154, 129, 41, 0]:1392
[163, 151, 10, 1, 0]:739
[163, 150, 90, 1, 0]:782
[163, 99, 92, 29, 0]:751
[163, 111, 108, 81, 0]:844
[163, 85, 80, 32, 0]:736
[163, 149, 113, 15, 0]:995
[163, 111, 90, 28, 0]:747
[163, 126, 125, 31, 0]:913
[163, 62, 38, 18, 0]:675
[163, 98, 72, 38, 0]:700
[163, 97, 36, 18, 0]:594
[163, 47, 32, 1, 0]:679
[163, 149, 125, 112, 0]:1357
[163, 154, 100, 61, 0]:990
[163, 144, 120, 93, 0]:995
[163, 130, 87, 35, 0]:744
[163, 125, 110, 91, 0]:838
[163, 89, 49, 42, 0]:689
[163, 157, 130, 49, 0]:1469
[163, 135, 90, 40, 0]:762
[163, 117, 22, 21, 0]:667
[163, 111, 80, 77, 0]:757
[163, 145, 54, 43, 0]:749
[163, 159, 117, 93, 0]:1364
[163, 137, 108, 101, 0]:1021
[163, 112, 61, 43, 0]:598
[163, 149, 85, 8, 0]:978
[163, 134, 34, 32, 0]:681
[163, 112, 50, 38, 0]:673
[163, 150, 63, 57, 0]:746
[163, 153, 49, 31, 0]:825
[163, 159, 22, 7, 0]:855
[163, 133, 89, 21, 0]:750
[163, 48, 23, 1, 0]:654
[163, 114, 101, 95, 0]:863
[163, 138, 124, 9, 0]:943
[163, 160, 111, 78, 0]:1347
[163, 118, 111, 22, 0]:809
[163, 78, 37, 7, 0]:669
[163, 156, 77, 26, 0]:982
[163, 102, 13, 8, 0]:650
[163, 78, 73, 25, 0]:720
[163, 105, 103, 96, 0]:877
[163, 105, 76, 51, 0]:712
[163, 79, 74, 18, 0]:718
[163, 151, 124, 106, 0]:1242
[163, 150, 108, 63, 0]:987
[163, 136, 75, 1, 0]:790
[163, 135, 109, 28, 0]:733
[163, 84, 78, 45, 0]:740
[163, 156, 125, 8, 0]:1551
[163, 105, 79, 74, 0]:751
[163, 114, 100, 2, 0]:723
[163, 114, 103, 58, 0]:778
[163, 161, 88, 35, 0]:1079
[163, 137, 96, 25, 0]:772
[163, 56, 44, 10, 0]:691
[163, 129, 109, 21, 0]:750
[163, 155, 116, 78, 0]:1102
[163, 64, 53, 26, 0]:697
[163, 160, 25, 1, 0]:906
[163, 161, 98, 15, 0]:1423
[163, 144, 133, 20, 0]:1101
[163, 141, 88, 69, 0]:787
[163, 146, 135, 31, 0]:1142
[163, 160, 102, 89, 0]:1424
[163, 152, 117, 23, 0]:1023
[163, 97, 26, 6, 0]:648
[163, 160, 121, 57, 0]:1470
[163, 160, 107, 6, 0]:985
[163, 46, 36, 18, 0]:613
[163, 136, 64, 25, 0]:684
[163, 122, 104, 25, 0]:776
[163, 130, 80, 69, 0]:769
[163, 138, 45, 15, 0]:673
[163, 29, 15, 4, 0]:653
[163, 124, 57, 33, 0]:673
[163, 117, 64, 19, 0]:675
[163, 154, 111, 23, 0]:1246
[163, 132, 97, 46, 0]:744
[163, 159, 113, 46, 0]:1059
[163, 153, 95, 10, 0]:699
[163, 129, 94, 47, 0]:681
[163, 130, 99, 38, 0]:792
[163, 138, 90, 15, 0]:799
[163, 100, 35, 21, 0]:654
[163, 160, 110, 41, 0]:1427
[163, 126, 76, 69, 0]:765
[163, 55, 44, 26, 0]:685
[163, 118, 90, 81, 0]:747
[163, 135, 85, 30, 0]:738
[163, 158, 98, 4, 0]:1062
[163, 45, 25, 12, 0]:664
[163, 50, 19, 12, 0]:665
[163, 150, 78, 27, 0]:844
[163, 46, 30, 29, 0]:687
[163, 148, 139, 102, 0]:1509
[163, 125, 79, 66, 0]:759
[163, 158, 31, 2, 0]:863
[163, 94, 59, 54, 0]:714
[163, 93, 16, 9, 0]:653
[163, 159, 124, 37, 0]:1657
[163, 151, 70, 3, 0]:964
[163, 153, 143, 109, 0]:924
[163, 118, 99, 30, 0]:773
[163, 100, 98, 18, 0]:787
[163, 143, 134, 31, 0]:1237
[163, 150, 148, 61, 0]:1793
[163, 158, 77, 63, 0]:974
[163, 44, 29, 18, 0]:678
[163, 159, 99, 69, 0]:1166
[163, 161, 92, 78, 0]:1176
[163, 132, 76, 57, 0]:748
[163, 133, 126, 9, 0]:1082
[163, 65, 58, 14, 0]:673
[163, 142, 105, 91, 0]:947
[163, 120, 101, 56, 0]:768
[163, 104, 70, 11, 0]:582
[163, 153, 92, 47, 0]:823
[163, 138, 115, 104, 0]:1012
[163, 38, 26, 15, 0]:666
[163, 137, 66, 22, 0]:701
[163, 148, 73, 49, 0]:860
[163, 109, 77, 2, 0]:718
[163, 159, 126, 90, 0]:1572
[163, 159, 49, 36, 0]:949
[163, 126, 122, 10, 0]:943
[163, 149, 128, 88, 0]:1124
[163, 156, 140, 89, 0]:1809
[163, 87, 69, 4, 0]:722
[163, 30, 25, 7, 0]:674
[163, 58, 49, 43, 0]:726
[163, 118, 35, 24, 0]:660
[163, 90, 47, 28, 0]:662
[163, 126, 70, 47, 0]:711
[163, 73, 72, 32, 0]:722
[163, 102, 55, 5, 0]:660
[163, 134, 123, 67, 0]:882
[163, 158, 101, 82, 0]:1312
[163, 139, 126, 93, 0]:1045
[163, 146, 79, 63, 0]:887
[163, 151, 92, 6, 0]:805
[163, 149, 147, 38, 0]:1827
[163, 144, 95, 77, 0]:855
[163, 118, 83, 54, 0]:740
[163, 144, 125, 113, 0]:884
[163, 136, 67, 22, 0]:687
[163, 141, 134, 100, 0]:1260
[163, 160, 72, 5, 0]:1085
[163, 150, 135, 60, 0]:1368
[163, 78, 49, 3, 0]:687
[163, 154, 45, 1, 0]:889
[163, 129, 120, 109, 0]:1046
[163, 79, 24, 14, 0]:657
[163, 84, 60, 9, 0]:697
[163, 48, 26, 20, 0]:666
[163, 120, 109, 8, 0]:836
[163, 127, 107, 50, 0]:806
[163, 138, 130, 113, 0]:915
[163, 70, 67, 37, 0]:732
[163, 108, 51, 21, 0]:648
[163, 134, 69, 61, 0]:742
[163, 120, 117, 82, 0]:902
[163, 156, 51, 25, 0]:886
[163, 159, 122, 4, 0]:1006
[163, 126, 25, 7, 0]:648
[163, 152, 106, 8, 0]:887
[163, 136, 18, 17, 0]:663
[163, 153, 123, 10, 0]:770
[163, 155, 142, 44, 0]:2079
[163, 147, 140, 74, 0]:1397
[163, 124, 41, 23, 0]:707
[163, 45, 39, 34, 0]:703
[163, 74, 53, 15, 0]:685
[163, 72, 62, 26, 0]:726
[163, 38, 20, 19, 0]:587
[163, 76, 53, 15, 0]:702
[163, 157, 137, 66, 0]:1797
[163, 157, 124, 87, 0]:1383
[163, 138, 133, 43, 0]:1040
[163, 78, 22, 2, 0]:654
[163, 156, 141, 70, 0]:1834
[163, 138, 25, 17, 0]:535
[163, 136, 131, 66, 0]:997
[163, 159, 18, 4, 0]:522
[163, 97, 8, 2, 0]:648
[163, 150, 68, 67, 0]:767
[163, 122, 11, 7, 0]:650
[163, 147, 128, 101, 0]:1092
[163, 153, 45, 4, 0]:693
[163, 161, 107, 82, 0]:1437
[163, 113, 108, 52, 0]:798
[163, 58, 38, 3, 0]:685
[163, 159, 66, 45, 0]:954
[163, 149, 123, 53, 0]:1070
[163, 100, 94, 42, 0]:755
[163, 144, 34, 12, 0]:746
[163, 146, 101, 58, 0]:805
[163, 153, 118, 7, 0]:1127
[163, 122, 87, 26, 0]:748
[163, 157, 21, 16, 0]:779
[163, 134, 19, 18, 0]:756
[163, 121, 41, 21, 0]:655
[163, 141, 25, 24, 0]:672
[163, 100, 82, 19, 0]:584
[163, 117, 69, 34, 0]:690
[163, 70, 54, 37, 0]:705
[163, 130, 84, 66, 0]:719
[163, 138, 123, 102, 0]:1036
[163, 161, 82, 63, 0]:1065
[163, 152, 138, 67, 0]:1460
[163, 130, 105, 98, 0]:873
[163, 50, 35, 28, 0]:683
[163, 155, 142, 81, 0]:1728
[163, 151, 41, 6, 0]:679
[163, 161, 119, 49, 0]:1554
[163, 125, 50, 48, 0]:704
[163, 114, 63, 24, 0]:672
[163, 155, 138, 71, 0]:1642
[163, 149, 128, 43, 0]:1113
[163, 117, 90, 73, 0]:716
[163, 80, 66, 64, 0]:758
[163, 139, 82, 55, 0]:756
[163, 119, 65, 22, 0]:704
[163, 149, 146, 106, 0]:1743
[163, 158, 65, 18, 0]:1013
[163, 124, 29, 18, 0]:668
[163, 149, 125, 85, 0]:1150
[163, 109, 61, 18, 0]:666
[163, 50, 22, 8, 0]:659
[163, 152, 143, 66, 0]:1587
[163, 135, 129, 66, 0]:970
[163, 137, 129, 65, 0]:977
[163, 100, 86, 47, 0]:735
[163, 157, 142, 13, 0]:1825
[163, 159, 133, 100, 0]:1854
[163, 105, 88, 30, 0]:582
[163, 144, 128, 2, 0]:1112
[163, 145, 133, 40, 0]:1136
[163, 133, 126, 19, 0]:944
[163, 161, 81, 7, 0]:1137
[163, 125, 103, 41, 0]:784
[163, 125, 109, 68, 0]:824
[163, 113, 82, 75, 0]:791
[163, 154, 106, 51, 0]:1207
[163, 153, 150, 88, 0]:2157
[163, 143, 133, 95, 0]:993
[163, 150, 89, 1, 0]:795
[163, 87, 61, 2, 0]:697
[163, 98, 42, 16, 0]:648
[163, 134, 125, 9, 0]:841
[163, 75, 46, 10, 0]:680
[163, 146, 122, 82, 0]:923
[163, 97, 41, 32, 0]:670
[163, 69, 52, 33, 0]:692
[163, 161, 125, 76, 0]:1397
[163, 119, 101, 78, 0]:819
[163, 153, 106, 93, 0]:1131
[163, 125, 123, 70, 0]:923
[163, 153, 151, 118, 0]:2211
[163, 157, 99, 45, 0]:936
[163, 154, 129, 72, 0]:1357
[163, 154, 150, 9, 0]:1536
[163, 85, 53, 44, 0]:696
[163, 145, 88, 1, 0]:845
[163, 145, 90, 28, 0]:820
