1 224
2 225
28 251
3 226
4 227
5 228
6 229
56 279
29 252
7 230
57 280
30 253
8 231
58 283
59 286
9 232
31 254
60 289
10 233
32 255
61 292
11 234
33 256
62 295
12 235
34 257
63 298
13 236
35 258
64 301
14 237
36 259
65 304
15 238
37 260
66 307
16 239
38 261
67 310
17 240
39 262
68 313
18 241
40 263
69 316
19 242
41 264
70 319
20 243
42 265
71 322
21 244
43 266
72 325
22 245
44 267
73 328
23 246
45 268
74 331
24 247
46 269
75 334
25 248
26 249
76 338
47 270
27 250
77 344
48 271
78 350
79 356
49 272
80 362
50 273
81 368
51 274
82 374
52 275
83 380
84 386
53 276
54 277
55 278
85 392
86 402
87 412
88 422
89 432
90 442
91 454
92 469
93 484
94 499
95 518
96 539
97 560
98 588
99 616
100 652
101 692
102 739
103 796
104 866
105 952
106 1064
107 1214
108 1423
109 1736
110 2259
