[11,6,5,1,0]:31
[30,29,28,1,0]:94
[53,52,51,1,0]:171
[55,54,53,1,0]:193
[61,59,57,2,0]:178
[62,61,60,1,0]:201
[68,67,66,1,0]:221
[76,73,70,3,0]:222
[85,84,83,1,0]:303
[90,87,84,3,0]:302
[101,99,97,2,0]:298
[117,112,107,5,0]:343
[145,142,139,3,0]:429
[164,157,150,7,0]:482
[167,162,157,5,0]:493
[171,164,157,7,0]:503
[180,173,166,7,0]:530
[183,182,181,1,0]:604
[185,181,177,4,0]:548
[185,182,179,3,0]:549
[191,186,181,5,0]:565
[194,187,180,7,0]:572
[202,195,188,7,0]:596
[210,203,196,7,0]:718
[212,211,210,1,0]:701
[214,205,196,9,0]:630
[228,219,210,9,0]:672
[228,227,226,1,0]:754
[229,224,219,5,0]:679
[229,227,225,2,0]:682
[249,241,233,8,0]:736
[251,244,237,7,0]:743
[260,253,246,7,0]:770
[263,258,253,5,0]:781
[263,259,255,4,0]:782
[268,257,246,11,0]:790
[270,261,252,9,0]:926
[271,263,255,8,0]:802
[290,287,284,3,0]:864
[295,287,279,8,0]:874
[298,287,276,11,0]:880
[317,311,305,6,0]:942
[323,312,301,11,0]:955
[331,325,319,6,0]:984
[334,325,316,9,0]:990
[339,325,311,14,0]:1000
[340,331,322,9,0]:1008
[340,335,330,5,0]:1201
[341,335,329,6,0]:1014
[365,356,347,9,0]:1083
[367,355,343,12,0]:1086
