[15, 11, 7, 4, 0]:39
[15, 13, 11, 2, 0]:40
[15, 14, 13, 1, 0]:44
[16, 11, 6, 5, 0]:44
[17, 13, 9, 4, 0]:44
[58, 43, 28, 15, 0]:158
[18, 15, 12, 3, 0]:46
[19, 16, 13, 3, 0]:51
[38, 33, 28, 5, 0]:106
[20, 15, 10, 5, 0]:34
[145, 97, 49, 48, 0]:431
[20, 17, 14, 3, 0]:54
[122, 91, 60, 31, 0]:334
[166, 121, 76, 45, 0]:464
[39, 34, 29, 5, 0]:109
[60, 51, 42, 9, 0]:168
[145, 98, 51, 47, 0]:428
[268, 183, 98, 85, 0]:788
[228, 177, 126, 51, 0]:630
[167, 122, 77, 45, 0]:466
[367, 262, 157, 105, 0]:1046
[211, 173, 135, 38, 0]:592
[39, 35, 31, 4, 0]:110
[307, 233, 159, 74, 0]:844
[122, 103, 84, 19, 0]:344
[348, 273, 198, 75, 0]:966
[457, 317, 177, 140, 0]:1331
[526, 369, 212, 157, 0]:1520
[123, 85, 47, 38, 0]:357
[81, 73, 65, 8, 0]:232
[567, 406, 245, 161, 0]:1614
[187, 161, 135, 26, 0]:532
[82, 55, 28, 27, 0]:242
[145, 126, 107, 19, 0]:413
[211, 176, 141, 35, 0]:595
[764, 551, 338, 213, 0]:2164
[678, 485, 292, 193, 0]:1932
[548, 425, 302, 123, 0]:1518
[83, 65, 47, 18, 0]:228
[331, 281, 231, 50, 0]:940
[694, 505, 316, 189, 0]:1952
[816, 561, 306, 255, 0]:2394
[188, 149, 110, 39, 0]:522
[645, 508, 371, 137, 0]:1795
[580, 489, 398, 91, 0]:1646
[20, 19, 18, 1, 0]:61
[23, 18, 13, 5, 0]:61
[189, 140, 91, 49, 0]:522
[60, 55, 50, 5, 0]:186
[967, 687, 407, 280, 0]:2771
[1155, 784, 413, 371, 0]:3420
[907, 673, 439, 234, 0]:2513
[307, 272, 237, 35, 0]:883
[145, 129, 113, 16, 0]:416
[780, 645, 510, 135, 0]:2202
[933, 712, 491, 221, 0]:2575
[1242, 847, 452, 395, 0]:3666
[123, 109, 95, 14, 0]:352
[567, 455, 343, 112, 0]:1586
[190, 137, 84, 53, 0]:536
[211, 180, 149, 31, 0]:599
[526, 429, 332, 97, 0]:1478
[487, 422, 357, 65, 0]:1393
[125, 91, 57, 34, 0]:349
[873, 730, 587, 143, 0]:2473
[1340, 953, 566, 387, 0]:3838
[1415, 1019, 623, 396, 0]:4015
[1114, 795, 476, 319, 0]:3182
[190, 141, 92, 49, 0]:524
[1524, 1047, 570, 477, 0]:4476
[1323, 980, 637, 343, 0]:3672
[310, 217, 124, 93, 0]:896
[1381, 968, 555, 413, 0]:3998
[1219, 896, 573, 323, 0]:3404
[457, 390, 323, 67, 0]:1301
[549, 416, 283, 133, 0]:1511
[1193, 962, 731, 231, 0]:3345
[311, 231, 151, 80, 0]:859
[268, 235, 202, 33, 0]:768
[1583, 1110, 637, 473, 0]:4582
[1565, 1071, 577, 494, 0]:4609
[1909, 1320, 731, 589, 0]:5582
[282, 255, 228, 27, 0]:816
[1260, 959, 658, 301, 0]:3476
[1665, 1234, 803, 431, 0]:4620
[660, 561, 462, 99, 0]:1878
[1177, 978, 779, 199, 0]:3329
[1159, 786, 413, 373, 0]:3434
[125, 108, 91, 17, 0]:355
[694, 529, 364, 165, 0]:1914
[967, 803, 639, 164, 0]:2734
[311, 246, 181, 65, 0]:865
[1399, 1127, 855, 272, 0]:3922
[126, 105, 84, 21, 0]:334
[1622, 1297, 972, 325, 0]:4538
[127, 91, 55, 36, 0]:359
[84, 77, 70, 7, 0]:262
[1501, 1183, 865, 318, 0]:4182
[85, 67, 49, 18, 0]:234
[1242, 907, 572, 335, 0]:3486
[1893, 1268, 643, 625, 0]:5658
[284, 241, 198, 43, 0]:806
[506, 443, 380, 63, 0]:1452
[127, 102, 77, 25, 0]:353
[85, 72, 59, 13, 0]:239
[228, 207, 186, 21, 0]:660
[129, 89, 49, 40, 0]:375
[1854, 1409, 964, 445, 0]:5114
[421, 376, 331, 45, 0]:1215
[285, 196, 107, 89, 0]:834
[680, 595, 510, 85, 0]:2037
[131, 101, 71, 30, 0]:360
[909, 731, 553, 178, 0]:2546
[1692, 1341, 990, 351, 0]:4722
[580, 507, 434, 73, 0]:1664
[694, 581, 468, 113, 0]:1966
[1324, 917, 510, 407, 0]:3866
[1159, 850, 541, 309, 0]:3242
[1831, 1479, 1127, 352, 0]:5138
[131, 109, 87, 22, 0]:368
[1381, 1011, 641, 370, 0]:3869
[780, 657, 534, 123, 0]:2214
[724, 637, 550, 87, 0]:2082
[1417, 1050, 683, 367, 0]:3932
[1340, 1007, 674, 333, 0]:3684
[1478, 1253, 1028, 225, 0]:4206
[1524, 1211, 898, 313, 0]:4256
[1809, 1481, 1153, 328, 0]:5096
[381, 344, 307, 37, 0]:1103
[1583, 1183, 783, 400, 0]:4363
[682, 535, 388, 147, 0]:1896
[1602, 1347, 1092, 255, 0]:4548
[1260, 1015, 770, 245, 0]:3532
[1565, 1112, 659, 453, 0]:4486
[911, 674, 437, 237, 0]:2530
[1115, 933, 751, 182, 0]:3160
[873, 758, 643, 115, 0]:2501
[1668, 1163, 658, 505, 0]:4848
[507, 437, 367, 70, 0]:1448
[1783, 1463, 1143, 320, 0]:5026
[290, 259, 228, 31, 0]:836
[383, 327, 271, 56, 0]:1090
[1161, 850, 539, 311, 0]:3252
[1465, 1233, 1001, 232, 0]:4160
[531, 476, 421, 55, 0]:1535
[508, 349, 190, 159, 0]:1490
[1083, 952, 821, 131, 0]:3115
[660, 585, 510, 75, 0]:1902
[1178, 983, 788, 195, 0]:3336
[1194, 1031, 868, 163, 0]:3416
[1893, 1508, 1123, 385, 0]:5291
[874, 639, 404, 235, 0]:2450
[1501, 1236, 971, 265, 0]:4235
[387, 316, 245, 71, 0]:1087
[1444, 1251, 1058, 193, 0]:4136
[1857, 1265, 673, 592, 0]:5487
[534, 369, 204, 165, 0]:1560
[1585, 1074, 563, 511, 0]:4700
[741, 668, 595, 73, 0]:2147
[508, 407, 306, 101, 0]:1420
[1132, 1005, 878, 127, 0]:3266
[1324, 1091, 858, 233, 0]:3736
[1399, 1171, 943, 228, 0]:3966
[534, 389, 244, 145, 0]:1500
[828, 747, 666, 81, 0]:2400
[1161, 869, 577, 292, 0]:3195
[387, 325, 263, 62, 0]:1096
[876, 651, 426, 225, 0]:2424
[1084, 791, 498, 293, 0]:3044
[1179, 797, 415, 382, 0]:3501
[1242, 1071, 900, 171, 0]:3552
[1479, 1226, 973, 253, 0]:4181
[100, 93, 86, 7, 0]:290
[967, 851, 735, 116, 0]:2782
[101, 75, 49, 26, 0]:277
[1810, 1379, 948, 431, 0]:4996
[580, 517, 454, 63, 0]:1674
[101, 80, 59, 21, 0]:279
[829, 655, 481, 174, 0]:2310
[1445, 1076, 707, 369, 0]:3994
[567, 511, 455, 56, 0]:1642
[1243, 837, 431, 406, 0]:3701
[1340, 1137, 934, 203, 0]:3814
[1524, 1221, 918, 303, 0]:4266
[876, 669, 462, 207, 0]:2418
[1161, 890, 619, 271, 0]:3209
[1195, 973, 751, 222, 0]:3360
[1084, 797, 510, 287, 0]:3026
[743, 622, 501, 121, 0]:2105
[1692, 1371, 1050, 321, 0]:4752
[534, 449, 364, 85, 0]:1514
[508, 443, 378, 65, 0]:1456
[1787, 1257, 727, 530, 0]:5161
[1502, 1233, 964, 269, 0]:4234
[1585, 1077, 569, 508, 0]:4691
[1179, 829, 479, 350, 0]:3405
[540, 375, 210, 165, 0]:1572
[1163, 812, 461, 351, 0]:3376
[802, 731, 660, 71, 0]:2332
[745, 502, 259, 243, 0]:2216
