2,1
3,1
4,1
5,2
6,1
7,1
8,4,3,1
9,1
10,3
11,2
12,3
13,4,3,1
14,5
15,1
16,5,3,1
17,3
18,3
19,5,2,1
20,3
21,2
22,1
23,5
24,4,3,1
25,3
26,4,3,1
27,5,2,1
28,1
29,2
30,1
31,3
32,7,3,2
33,10
34,7
35,2
36,9
37,6,4,1
38,6,5,1
39,4
40,5,4,3
41,3
42,7
43,6,4,3
44,5
45,4,3,1
46,1
47,5
48,5,3,2
49,9
50,4,3,2
51,6,3,1
52,3
53,6,2,1
54,9
55,7
56,7,4,2
57,4
58,19
59,7,4,2
60,1
61,5,2,1
62,29
63,1
64,4,3,1
65,18
66,3
67,5,2,1
68,9
69,6,5,2
70,5,3,1
71,6
72,10,9,3
73,25
74,35
75,6,3,1
76,21
77,6,5,2
78,6,5,3
79,9
80,9,4,2
81,4
82,8,3,1
83,7,4,2
84,5
85,8,2,1
86,21
87,13
88,7,6,2
89,38
90,27
91,8,5,1
92,21
93,2
94,21
95,11
96,10,9,6
97,6
98,11
99,6,3,1
100,15
101,7,6,1
102,29
103,9
104,4,3,1
105,4
106,15
107,9,7,4
108,17
109,5,4,2
110,33
111,10
112,5,4,3
113,9
114,5,3,2
115,8,7,5
116,4,2,1
117,5,2,1
118,33
119,8
120,4,3,1
121,18
122,6,2,1
123,2
124,19
125,7,6,5
126,21
127,1
128,7,2,1
129,5
130,3
131,8,3,2
132,17
133,9,8,2
134,57
135,11
136,5,3,2
137,21
138,8,7,1
139,8,5,3
140,15
141,10,4,1
142,21
143,5,3,2
144,7,4,2
145,52
146,71
147,14
148,27
149,10,9,7
150,53
151,3
152,6,3,2
153,1
154,15
155,62
156,9
157,6,5,2
158,8,6,5
159,31
160,5,3,2
161,18
162,27
163,7,6,3
164,10,8,7
165,9,8,3
166,37
167,6
168,15,3,2
169,34
170,11
171,6,5,2
172,1
173,8,5,2
174,13
175,6
176,11,3,2
177,8
178,31
179,4,2,1
180,3
181,7,6,1
182,81
183,56
184,9,8,7
185,24
186,11
187,7,6,5
188,6,5,2
189,6,5,2
190,8,7,6
191,9
192,7,2,1
193,15
194,87
195,8,3,2
196,3
197,9,4,2
198,9
199,34
200,5,3,2
201,14
202,55
203,8,7,1
204,27
205,9,5,2
206,10,9,5
207,43
208,9,3,1
209,6
210,7
211,11,10,8
212,105
213,6,5,2
214,73
215,23
216,7,3,1
217,45
218,11
219,8,4,1
220,7
221,8,6,2
222,5,4,2
223,33
224,9,8,3
225,32
226,10,7,3
227,10,9,4
228,113
229,10,4,1
230,8,7,6
231,26
232,9,4,2
233,74
234,31
235,9,6,1
236,5
237,7,4,1
238,73
239,36
240,8,5,3
241,70
242,95
243,8,5,1
244,111
245,6,4,1
246,11,2,1
247,82
248,15,14,10
249,35
250,103
251,7,4,2
252,15
253,46
254,7,2,1
255,52
256,10,5,2
257,12
258,71
259,10,6,2
260,15
261,7,6,4
262,9,8,4
263,93
264,9,6,2
265,42
266,47
267,8,6,3
268,25
269,7,6,1
270,53
271,58
272,9,3,2
273,23
274,67
275,11,10,9
276,63
277,12,6,3
278,5
279,5
280,9,5,2
281,93
282,35
283,12,7,5
284,53
285,10,7,5
286,69
287,71
288,11,10,1
289,21
290,5,3,2
291,12,11,5
292,37
293,11,6,1
294,33
295,48
296,7,3,2
297,5
298,11,8,4
299,11,6,4
300,5
301,9,5,2
302,41
303,1
304,11,2,1
305,102
306,7,3,1
307,8,4,2
308,15
309,10,6,4
310,93
311,7,5,3
312,9,7,4
313,79
314,15
315,10,9,1
316,63
317,7,4,2
318,45
319,36
320,4,3,1
321,31
322,67
323,10,3,1
324,51
325,10,5,2
326,10,3,1
327,34
328,8,3,1
329,50
330,99
331,10,6,2
332,89
333,2
334,5,2,1
335,10,7,2
336,7,4,1
337,55
338,4,3,1
339,16,10,7
340,45
341,10,8,6
342,125
343,75
344,7,2,1
345,22
346,63
347,11,10,3
348,103
349,6,5,2
350,53
351,34
352,13,11,6
353,69
354,99
355,6,5,1
356,10,9,7
357,11,10,2
358,57
359,68
360,5,3,2
361,7,4,1
362,63
363,8,5,3
364,9
365,9,6,5
366,29
367,21
368,7,3,2
369,91
370,139
371,8,3,2
372,111
373,8,7,2
374,8,6,5
375,16
376,8,7,5
377,41
378,43
379,10,8,5
380,47
381,5,2,1
382,81
383,90
384,12,3,2
385,6
386,83
387,8,7,1
388,159
389,10,9,5
390,9
391,28
392,13,10,6
393,7
394,135
395,11,6,5
396,25
397,12,7,6
398,7,6,2
399,26
400,5,3,2
401,152
402,171
403,9,8,5
404,65
405,13,8,2
406,141
407,71
408,5,3,2
409,87
410,10,4,3
411,12,10,3
412,147
413,10,7,6
414,13
415,102
416,9,5,2
417,107
418,199
419,15,5,4
420,7
421,5,4,2
422,149
423,25
424,9,7,2
425,12
426,63
427,11,6,5
428,105
429,10,8,7
430,14,6,1
431,120
432,13,4,3
433,33
434,12,11,5
435,12,9,5
436,165
437,6,2,1
438,65
439,49
440,4,3,1
441,7
442,7,5,2
443,10,6,1
444,81
445,7,6,4
446,105
447,73
448,11,6,4
449,134
450,47
451,16,10,1
452,6,5,4
453,15,6,4
454,8,6,1
455,38
456,18,9,6
457,16
458,203
459,12,5,2
460,19
461,7,6,1
462,73
463,93
464,19,18,13
465,31
466,14,11,6
467,11,6,1
468,27
469,9,5,2
470,9
471,1
472,11,3,2
473,200
474,191
475,9,8,4
476,9
477,16,15,7
478,121
479,104
480,15,9,6
481,138
482,9,6,5
483,9,6,4
484,105
485,17,16,6
486,81
487,94
488,4,3,1
489,83
490,219
491,11,6,3
492,7
493,10,5,3
494,17
495,76
496,16,5,2
497,78
498,155
499,11,6,5
500,27