[283, 200, 2, 1, 0]:1874
[283, 141, 3, 1, 0]:1548
[283, 210, 3, 1, 0]:1877
[283, 64, 4, 1, 0]:1198
[283, 57, 6, 1, 0]:1195
[283, 131, 6, 1, 0]:1269
[283, 141, 6, 1, 0]:1943
[283, 168, 6, 1, 0]:1458
[283, 184, 6, 1, 0]:1570
[283, 240, 6, 1, 0]:2632
[283, 190, 7, 1, 0]:1850
[283, 202, 7, 1, 0]:1775
[283, 32, 8, 1, 0]:1174
[283, 90, 8, 1, 0]:1232
[283, 108, 8, 1, 0]:1250
[283, 119, 8, 1, 0]:1261
[283, 237, 8, 1, 0]:2525
[283, 266, 131, 57, 0]:7378
[283, 265, 124, 25, 0]:6851
[283, 163, 132, 57, 0]:1641
[283, 152, 125, 25, 0]:1574
[283, 174, 125, 25, 0]:1811
[283, 198, 132, 57, 0]:2190
[283, 169, 133, 57, 0]:1909
[283, 210, 126, 25, 0]:2061
[283, 220, 133, 57, 0]:2435
[283, 245, 126, 25, 0]:3745
[283, 250, 133, 57, 0]:4645
[283, 248, 126, 25, 0]:4546
[283, 232, 127, 25, 0]:2057
[283, 268, 133, 57, 0]:6349
[283, 178, 134, 57, 0]:1770
[283, 272, 128, 25, 0]:9500
[283, 143, 129, 25, 0]:1630
[283, 148, 129, 25, 0]:1696
[283, 176, 129, 25, 0]:1975
[283, 185, 129, 25, 0]:1966
[283, 207, 129, 25, 0]:2331
[283, 239, 129, 25, 0]:3620
[283, 247, 129, 25, 0]:4064
[283, 213, 130, 25, 0]:2265
[283, 222, 130, 25, 0]:2558
[283, 132, 131, 25, 0]:1518
[283, 237, 131, 25, 0]:2906
[283, 242, 131, 25, 0]:3682
[283, 261, 133, 25, 0]:6079
[283, 232, 135, 25, 0]:3159
[283, 193, 136, 25, 0]:2010
[283, 158, 137, 25, 0]:1726
[283, 140, 138, 25, 0]:1538
[283, 187, 138, 25, 0]:1907
[283, 191, 138, 25, 0]:2171
[283, 215, 138, 25, 0]:2338
[283, 198, 141, 25, 0]:2147
[283, 246, 141, 25, 0]:3757
[283, 254, 141, 25, 0]:3621
[283, 271, 142, 25, 0]:8227
[283, 233, 143, 25, 0]:3308
[283, 159, 144, 25, 0]:2063
[283, 203, 144, 25, 0]:2174
[283, 267, 145, 25, 0]:7413
[283, 186, 146, 25, 0]:1918
[283, 242, 146, 25, 0]:3919
[283, 238, 147, 25, 0]:3578
[283, 264, 147, 25, 0]:6865
[283, 194, 149, 25, 0]:2043
[283, 260, 149, 25, 0]:6117
[283, 192, 150, 25, 0]:1988
[283, 252, 150, 25, 0]:4740
[283, 276, 150, 25, 0]:9738
[283, 154, 151, 25, 0]:1217
[283, 278, 8, 1, 0]:14187
[283, 196, 151, 25, 0]:2160
[283, 26, 9, 1, 0]:1170
[283, 146, 9, 1, 0]:1000
[283, 154, 9, 1, 0]:1363
[283, 200, 9, 1, 0]:1751
[283, 238, 9, 1, 0]:2457
[283, 256, 9, 1, 0]:3378
[283, 78, 10, 1, 0]:1224
[283, 151, 10, 1, 0]:1459
[283, 96, 11, 1, 0]:1244
[283, 269, 11, 1, 0]:5478
[283, 71, 12, 1, 0]:1221
[283, 226, 12, 1, 0]:2146
[283, 260, 12, 1, 0]:3653
[283, 272, 12, 1, 0]:3699
[283, 30, 13, 1, 0]:1182
[283, 40, 13, 1, 0]:1192
[283, 196, 13, 1, 0]:1703
[283, 45, 14, 1, 0]:1199
[283, 135, 14, 1, 0]:1472
[283, 143, 14, 1, 0]:1314
[283, 108, 15, 1, 0]:1264
[283, 273, 151, 25, 0]:10341
[283, 156, 152, 25, 0]:1715
[283, 176, 152, 25, 0]:1879
[283, 215, 152, 25, 0]:2532
[283, 216, 152, 25, 0]:2572
[283, 249, 152, 25, 0]:4483
[283, 158, 153, 25, 0]:1760
[283, 166, 153, 25, 0]:1824
[283, 202, 153, 25, 0]:2141
[283, 237, 153, 25, 0]:3580
[283, 206, 155, 25, 0]:2282
[283, 233, 155, 25, 0]:3250
[283, 219, 156, 25, 0]:2641
[283, 245, 156, 25, 0]:3906
[283, 255, 156, 25, 0]:5810
[283, 274, 157, 25, 0]:7939
[283, 173, 158, 25, 0]:1859
[283, 278, 15, 1, 0]:5709
[283, 69, 16, 1, 0]:1227
[283, 107, 18, 1, 0]:1269
[283, 228, 160, 25, 0]:2856
[283, 108, 18, 1, 0]:1270
[283, 114, 18, 1, 0]:1276
[283, 195, 18, 1, 0]:1921
[283, 46, 19, 1, 0]:1210
[283, 240, 161, 25, 0]:3351
[283, 100, 19, 1, 0]:1264
[283, 185, 162, 25, 0]:1926
[283, 154, 19, 1, 0]:1373
[283, 210, 163, 25, 0]:2382
[283, 42, 20, 1, 0]:1208
[283, 87, 20, 1, 0]:1253
[283, 131, 20, 1, 0]:1297
[283, 179, 20, 1, 0]:1549
[283, 249, 20, 1, 0]:2916
[283, 262, 163, 25, 0]:6305
[283, 207, 164, 25, 0]:2335
[283, 266, 20, 1, 0]:5842
[283, 212, 21, 1, 0]:2420
[283, 278, 134, 57, 0]:14984
[283, 228, 135, 57, 0]:2990
[283, 238, 135, 57, 0]:2736
[283, 156, 136, 57, 0]:1637
[283, 264, 21, 1, 0]:5661
[283, 216, 136, 57, 0]:2322
[283, 235, 22, 1, 0]:2385
[283, 48, 23, 1, 0]:1220
[283, 142, 137, 57, 0]:1588
[283, 216, 23, 1, 0]:2003
[283, 228, 23, 1, 0]:2210
[283, 249, 23, 1, 0]:3096
[283, 125, 24, 1, 0]:1299
[283, 161, 24, 1, 0]:1427
[283, 183, 24, 1, 0]:1581
[283, 221, 24, 1, 0]:2107
[283, 266, 24, 1, 0]:5816
[283, 129, 25, 1, 0]:1917
[283, 42, 27, 1, 0]:1222
[283, 170, 27, 1, 0]:1662
[283, 236, 27, 1, 0]:2661
[283, 48, 28, 1, 0]:1230
[283, 163, 28, 1, 0]:1445
[283, 269, 137, 57, 0]:8577
[283, 207, 138, 57, 0]:2545
[283, 246, 28, 1, 0]:2806
[283, 54, 29, 1, 0]:1238
[283, 60, 29, 1, 0]:1244
[283, 68, 29, 1, 0]:1252
[283, 90, 29, 1, 0]:1274
[283, 74, 30, 1, 0]:1260
[283, 138, 30, 1, 0]:1324
[283, 139, 30, 1, 0]:1325
[283, 200, 30, 1, 0]:1772
[283, 234, 30, 1, 0]:2349
[283, 78, 31, 1, 0]:1266
[283, 118, 31, 1, 0]:1306
[283, 196, 31, 1, 0]:1741
[283, 226, 33, 1, 0]:2167
[283, 270, 138, 57, 0]:8894
[283, 273, 164, 25, 0]:9874
[283, 266, 165, 25, 0]:7473
[283, 177, 166, 25, 0]:2066
[283, 191, 168, 25, 0]:2113
[283, 203, 168, 25, 0]:2215
[283, 191, 170, 25, 0]:2090
[283, 273, 34, 1, 0]:8738
[283, 114, 35, 1, 0]:1310
[283, 66, 36, 1, 0]:1264
[283, 203, 170, 25, 0]:2208
[283, 233, 170, 25, 0]:3707
[283, 237, 170, 25, 0]:3349
[283, 280, 37, 1, 0]:10471
[283, 57, 38, 1, 0]:1321
[283, 69, 38, 1, 0]:1271
[283, 102, 38, 1, 0]:1304
[283, 114, 38, 1, 0]:1316
[283, 123, 38, 1, 0]:1587
[283, 258, 39, 1, 0]:4502
[283, 57, 40, 1, 0]:1268
[283, 268, 40, 1, 0]:6752
[283, 192, 41, 1, 0]:1687
[283, 177, 42, 1, 0]:1557
[283, 280, 43, 1, 0]:10992
[283, 48, 44, 1, 0]:1297
[283, 210, 45, 1, 0]:1917
[283, 238, 45, 1, 0]:2086
[283, 273, 45, 1, 0]:8723
[283, 78, 47, 1, 0]:1298
[283, 218, 47, 1, 0]:2081
[283, 70, 48, 1, 0]:1295
[283, 81, 48, 1, 0]:1303
[283, 112, 48, 1, 0]:1334
[283, 154, 48, 1, 0]:1518
[283, 184, 48, 1, 0]:1612
[283, 219, 48, 1, 0]:2109
[283, 54, 49, 1, 0]:1316
[283, 78, 49, 1, 0]:1302
[283, 220, 49, 1, 0]:2132
[283, 186, 50, 1, 0]:1628
[283, 215, 50, 1, 0]:2007
[283, 236, 50, 1, 0]:3547
[283, 249, 50, 1, 0]:3675
[283, 264, 50, 1, 0]:5757
[283, 154, 51, 1, 0]:1527
[283, 214, 51, 1, 0]:2025
[283, 216, 51, 1, 0]:2032
[283, 257, 51, 1, 0]:4511
[283, 272, 51, 1, 0]:8225
[283, 175, 52, 1, 0]:1553
[283, 122, 53, 1, 0]:1354
[283, 212, 53, 1, 0]:2392
[283, 119, 54, 1, 0]:1353
[283, 204, 54, 1, 0]:1892
[283, 270, 54, 1, 0]:7282
[283, 112, 55, 1, 0]:1348
[283, 184, 55, 1, 0]:1619
[283, 62, 56, 1, 0]:1343
[283, 110, 56, 1, 0]:1401
[283, 206, 56, 1, 0]:1926
[283, 264, 56, 1, 0]:5553
[283, 202, 57, 1, 0]:1863
[283, 118, 58, 1, 0]:1360
[283, 138, 58, 1, 0]:1380
[283, 255, 58, 1, 0]:4477
[283, 262, 58, 1, 0]:5003
[283, 273, 58, 1, 0]:9297
[283, 60, 59, 1, 0]:969
[283, 158, 59, 1, 0]:1524
[283, 170, 59, 1, 0]:1697
[283, 273, 59, 1, 0]:9002
[283, 138, 60, 1, 0]:1384
[283, 254, 60, 1, 0]:4310
[283, 96, 62, 1, 0]:1346
[283, 162, 62, 1, 0]:1553
[283, 70, 64, 1, 0]:1375
[283, 136, 64, 1, 0]:1390
[283, 255, 64, 1, 0]:4392
[283, 192, 65, 1, 0]:1711
[283, 279, 138, 57, 0]:16164
[283, 216, 141, 57, 0]:2422
[283, 228, 141, 57, 0]:3108
[283, 146, 142, 57, 0]:1649
[283, 174, 142, 57, 0]:1789
[283, 178, 142, 57, 0]:1826
[283, 194, 142, 57, 0]:2129
[283, 224, 142, 57, 0]:2733
[283, 265, 142, 57, 0]:6680
[283, 276, 65, 1, 0]:11166
[283, 271, 142, 57, 0]:8152
[283, 168, 145, 57, 0]:1735
[283, 224, 66, 1, 0]:2543
[283, 268, 147, 57, 0]:5501
[283, 274, 147, 57, 0]:8086
[283, 250, 149, 57, 0]:4977
[283, 206, 151, 57, 0]:2258
[283, 216, 151, 57, 0]:2535
[283, 161, 152, 57, 0]:2137
[283, 260, 154, 57, 0]:6281
[283, 241, 155, 57, 0]:3853
[283, 265, 155, 57, 0]:7580
[283, 238, 156, 57, 0]:3857
[283, 226, 158, 57, 0]:1923
[283, 191, 160, 57, 0]:2004
[283, 199, 160, 57, 0]:2169
[283, 247, 160, 57, 0]:4073
[283, 274, 160, 57, 0]:10924
[283, 278, 161, 57, 0]:14953
[283, 175, 162, 57, 0]:2017
[283, 210, 162, 57, 0]:2424
[283, 244, 162, 57, 0]:4365
[283, 264, 162, 57, 0]:4618
[283, 273, 162, 57, 0]:10550
[283, 264, 163, 57, 0]:4537
[283, 203, 164, 57, 0]:2340
[283, 209, 164, 57, 0]:2472
[283, 169, 165, 57, 0]:2106
[283, 246, 166, 57, 0]:4422
[283, 260, 167, 57, 0]:6405
[283, 181, 168, 57, 0]:1876
[283, 172, 169, 57, 0]:1966
[283, 182, 169, 57, 0]:1987
[283, 193, 169, 57, 0]:2177
[283, 176, 172, 57, 0]:2082
[283, 248, 172, 57, 0]:4653
[283, 226, 173, 57, 0]:1849
[283, 259, 173, 57, 0]:7027
[283, 189, 174, 57, 0]:1921
[283, 208, 174, 57, 0]:2482
[283, 220, 175, 57, 0]:2892
[283, 234, 175, 57, 0]:3331
[283, 258, 177, 57, 0]:6321
[283, 264, 177, 57, 0]:5021
[283, 270, 177, 57, 0]:9006
[283, 182, 178, 57, 0]:2123
[283, 265, 178, 57, 0]:6964
[283, 278, 182, 57, 0]:13733
[283, 270, 183, 57, 0]:8052
[283, 273, 183, 57, 0]:7030
[283, 192, 184, 57, 0]:1983
[283, 196, 185, 57, 0]:2161
[283, 216, 187, 57, 0]:3031
[283, 274, 187, 57, 0]:10355
[283, 239, 188, 57, 0]:4023
[283, 222, 189, 57, 0]:3131
[283, 208, 190, 57, 0]:2418
[283, 206, 191, 57, 0]:2514
[283, 195, 192, 57, 0]:2270
[283, 211, 192, 57, 0]:2810
[283, 219, 192, 57, 0]:3056
[283, 235, 194, 57, 0]:3689
[283, 281, 170, 25, 0]:22363
[283, 228, 171, 25, 0]:3054
[283, 231, 172, 25, 0]:3517
[283, 200, 173, 25, 0]:2217
[283, 221, 174, 25, 0]:2585
[283, 222, 174, 25, 0]:2680
[283, 271, 174, 25, 0]:8471
[283, 192, 176, 25, 0]:2006
[283, 259, 177, 25, 0]:6684
[283, 220, 178, 25, 0]:2699
[283, 273, 178, 25, 0]:7759
[283, 242, 179, 25, 0]:4625
[283, 232, 180, 25, 0]:3486
[283, 244, 181, 25, 0]:3930
[283, 224, 182, 25, 0]:2935
[283, 192, 184, 25, 0]:2030
[283, 218, 185, 25, 0]:2601
[283, 189, 187, 25, 0]:2320
[283, 270, 188, 25, 0]:8835
[283, 268, 190, 25, 0]:7951
[283, 210, 191, 25, 0]:2437
[283, 264, 191, 25, 0]:7245
[283, 277, 194, 57, 0]:13985
[283, 205, 196, 57, 0]:2278
[283, 232, 196, 57, 0]:3930
[283, 265, 196, 57, 0]:6952
[283, 208, 198, 57, 0]:2479
[283, 244, 198, 57, 0]:4703
[283, 273, 198, 57, 0]:9409
[283, 274, 192, 25, 0]:11671
[283, 250, 193, 25, 0]:5123
[283, 279, 193, 25, 0]:17318
[283, 221, 194, 25, 0]:2845
[283, 242, 194, 25, 0]:4290
[283, 213, 196, 25, 0]:2744
[283, 228, 196, 25, 0]:3283
[283, 249, 196, 25, 0]:5109
[283, 255, 197, 25, 0]:5401
[283, 272, 197, 25, 0]:10196
[283, 215, 198, 25, 0]:2500
[283, 248, 198, 25, 0]:4714
[283, 269, 198, 25, 0]:9283
[283, 273, 198, 25, 0]:6844
[283, 206, 200, 25, 0]:2371
[283, 230, 200, 25, 0]:3672
[283, 224, 207, 25, 0]:2704
[283, 277, 207, 25, 0]:15212
[283, 244, 208, 25, 0]:4190
[283, 265, 208, 25, 0]:8030
[283, 268, 208, 25, 0]:4119
[283, 263, 209, 25, 0]:7769
[283, 243, 210, 25, 0]:4227
[283, 247, 210, 25, 0]:5317
[283, 250, 210, 25, 0]:5757
[283, 274, 211, 25, 0]:6622
[283, 213, 212, 25, 0]:2688
[283, 246, 212, 25, 0]:3894
[283, 241, 213, 25, 0]:3764
[283, 269, 213, 25, 0]:4493
[283, 233, 215, 25, 0]:3662
[283, 253, 219, 25, 0]:6577
[283, 260, 219, 25, 0]:7300
[283, 279, 198, 57, 0]:15958
[283, 240, 199, 57, 0]:4712
[283, 211, 200, 57, 0]:2566
[283, 268, 200, 57, 0]:7994
[283, 226, 201, 57, 0]:2086
[283, 242, 202, 57, 0]:4718
[283, 250, 202, 57, 0]:5299
[283, 232, 203, 57, 0]:4180
[283, 213, 204, 57, 0]:2634
[283, 264, 204, 57, 0]:5397
[283, 219, 208, 57, 0]:3129
[283, 224, 208, 57, 0]:3641
[283, 233, 208, 57, 0]:2710
[283, 224, 209, 57, 0]:3384
[283, 262, 209, 57, 0]:7631
[283, 251, 212, 57, 0]:4542
[283, 216, 213, 57, 0]:2807
[283, 234, 214, 57, 0]:4312
[283, 262, 219, 57, 0]:8257
[283, 232, 220, 57, 0]:3794
[283, 240, 222, 57, 0]:4830
[283, 242, 223, 57, 0]:4687
[283, 254, 224, 57, 0]:5708
[283, 258, 225, 57, 0]:7136
[283, 273, 226, 57, 0]:9710
[283, 266, 232, 57, 0]:3654
[283, 260, 235, 57, 0]:8293
[283, 256, 236, 57, 0]:7515
[283, 282, 66, 1, 0]:20272
[283, 207, 68, 1, 0]:1954
[283, 237, 68, 1, 0]:2987
[283, 128, 69, 1, 0]:1392
[283, 134, 69, 1, 0]:1398
[283, 194, 69, 1, 0]:1747
[283, 142, 70, 1, 0]:1124
[283, 264, 70, 1, 0]:5703
[283, 165, 71, 1, 0]:2017
[283, 95, 72, 1, 0]:1435
[283, 122, 72, 1, 0]:1392
[283, 137, 72, 1, 0]:1407
[283, 238, 73, 1, 0]:3101
[283, 78, 74, 1, 0]:1417
[283, 114, 75, 1, 0]:1390
[283, 224, 75, 1, 0]:2497
[283, 274, 75, 1, 0]:9584
[283, 84, 76, 1, 0]:1421
[283, 87, 78, 1, 0]:1428
[283, 104, 78, 1, 0]:1386
[283, 132, 78, 1, 0]:1414
[283, 171, 78, 1, 0]:1646
[283, 224, 78, 1, 0]:2507
[283, 243, 78, 1, 0]:3331
[283, 259, 78, 1, 0]:4777
[283, 219, 80, 1, 0]:2347
[283, 90, 81, 1, 0]:1440
[283, 104, 81, 1, 0]:1426
[283, 164, 81, 1, 0]:1620
[283, 180, 81, 1, 0]:1700
[283, 184, 81, 1, 0]:1645
[283, 204, 81, 1, 0]:2426
[283, 240, 82, 1, 0]:3261
[283, 210, 83, 1, 0]:2328
[283, 278, 83, 1, 0]:12891
[283, 118, 84, 1, 0]:1427
[283, 134, 84, 1, 0]:1428
[283, 170, 84, 1, 0]:1801
[283, 209, 84, 1, 0]:2141
[283, 215, 84, 1, 0]:2358
[283, 237, 85, 1, 0]:3099
[283, 270, 85, 1, 0]:7524
[283, 111, 86, 1, 0]:1574
[283, 227, 86, 1, 0]:2276
[283, 256, 87, 1, 0]:4495
[283, 93, 88, 1, 0]:1472
[283, 166, 88, 1, 0]:1660
[283, 240, 88, 1, 0]:3482
[283, 271, 88, 1, 0]:7716
[283, 175, 90, 1, 0]:1702
[283, 180, 90, 1, 0]:1839
[283, 201, 90, 1, 0]:1959
[283, 247, 90, 1, 0]:3859
[283, 261, 90, 1, 0]:4898
[283, 262, 90, 1, 0]:5220
[283, 98, 92, 1, 0]:1487
[283, 189, 93, 1, 0]:1690
[283, 242, 93, 1, 0]:3432
[283, 164, 95, 1, 0]:1794
[283, 162, 96, 1, 0]:1655
[283, 238, 96, 1, 0]:3142
[283, 275, 96, 1, 0]:7190
[283, 210, 97, 1, 0]:2135
[283, 218, 98, 1, 0]:2607
[283, 216, 101, 1, 0]:2444
[283, 274, 243, 57, 0]:13016
[283, 247, 244, 57, 0]:5782
[283, 267, 244, 57, 0]:9627
[283, 256, 247, 57, 0]:5234
[283, 279, 101, 1, 0]:13102
[283, 260, 102, 1, 0]:4866
[283, 194, 104, 1, 0]:1880
[283, 203, 104, 1, 0]:1970
[283, 276, 104, 1, 0]:11497
[283, 141, 105, 1, 0]:1741
[283, 230, 105, 1, 0]:3108
[283, 246, 105, 1, 0]:3246
[283, 141, 108, 1, 0]:1736
[283, 244, 108, 1, 0]:3810
[283, 207, 110, 1, 0]:2406
[283, 216, 110, 1, 0]:2320
[283, 180, 111, 1, 0]:1817
[283, 186, 111, 1, 0]:1829
[283, 222, 111, 1, 0]:2488
[283, 238, 111, 1, 0]:3273
[283, 132, 113, 1, 0]:1890
[283, 255, 114, 1, 0]:4370
[283, 202, 115, 1, 0]:1908
[283, 268, 115, 1, 0]:6796
[283, 120, 116, 1, 0]:1585
[283, 212, 116, 1, 0]:2620
[283, 156, 117, 1, 0]:1668
[283, 200, 117, 1, 0]:1162
[283, 242, 117, 1, 0]:3448
[283, 261, 118, 1, 0]:4947
[283, 278, 119, 1, 0]:13223
[283, 123, 120, 1, 0]:1602
[283, 126, 120, 1, 0]:1599
[283, 179, 120, 1, 0]:1842
[283, 236, 120, 1, 0]:3019
[283, 150, 121, 1, 0]:1657
[283, 256, 121, 1, 0]:3291
[283, 125, 122, 1, 0]:1610
[283, 128, 122, 1, 0]:1607
[283, 156, 122, 1, 0]:1697
[283, 198, 122, 1, 0]:1984
[283, 261, 122, 1, 0]:5136
[283, 275, 122, 1, 0]:9709
[283, 262, 123, 1, 0]:5264
[283, 160, 124, 1, 0]:1654
[283, 168, 124, 1, 0]:1805
[283, 150, 127, 1, 0]:1681
[283, 132, 128, 1, 0]:1633
[283, 150, 128, 1, 0]:1685
[283, 161, 128, 1, 0]:1774
[283, 276, 128, 1, 0]:10578
[283, 130, 129, 1, 0]:1109
[283, 141, 131, 1, 0]:1691
[283, 156, 131, 1, 0]:1752
[283, 237, 131, 1, 0]:3192
[283, 166, 132, 1, 0]:1844
[283, 171, 132, 1, 0]:1889
[283, 236, 135, 1, 0]:2973
[283, 265, 135, 1, 0]:6238
[283, 212, 137, 1, 0]:2552
[283, 274, 138, 1, 0]:9297
[283, 156, 140, 1, 0]:1761
[283, 227, 140, 1, 0]:2642
[283, 257, 140, 1, 0]:4404
[283, 269, 140, 1, 0]:5770
[283, 167, 141, 1, 0]:1803
[283, 201, 141, 1, 0]:1908
[283, 203, 141, 1, 0]:1920
[283, 238, 142, 1, 0]:2882
[283, 182, 143, 1, 0]:1894
[283, 204, 143, 1, 0]:2049
[283, 210, 143, 1, 0]:2725
[283, 279, 144, 1, 0]:12756
[283, 148, 145, 1, 0]:1731
[283, 172, 145, 1, 0]:1830
[283, 224, 146, 1, 0]:2678
[283, 280, 219, 25, 0]:19376
[283, 225, 220, 25, 0]:3072
[283, 234, 220, 25, 0]:4030
[283, 270, 148, 1, 0]:7029
[283, 234, 149, 1, 0]:3426
[283, 155, 150, 1, 0]:1729
[283, 250, 222, 25, 0]:5554
[283, 175, 150, 1, 0]:2044
[283, 183, 150, 1, 0]:2074
[283, 245, 150, 1, 0]:3091
[283, 264, 226, 25, 0]:3439
[283, 277, 150, 1, 0]:10819
[283, 156, 153, 1, 0]:1727
[283, 172, 153, 1, 0]:1791
[283, 198, 153, 1, 0]:2010
[283, 211, 154, 1, 0]:2140
[283, 209, 156, 1, 0]:2102
[283, 243, 156, 1, 0]:3433
[283, 190, 159, 1, 0]:1837
[283, 273, 226, 25, 0]:11870
[283, 233, 227, 25, 0]:3420
[283, 274, 159, 1, 0]:9352
[283, 249, 227, 25, 0]:5825
[283, 205, 160, 1, 0]:2073
[283, 268, 160, 1, 0]:7162
[283, 240, 161, 1, 0]:3395
[283, 168, 162, 1, 0]:1757
[283, 182, 162, 1, 0]:1956
[283, 200, 162, 1, 0]:2057
[283, 201, 163, 1, 0]:1969
[283, 216, 164, 1, 0]:2429
[283, 233, 164, 1, 0]:3111
[283, 267, 230, 25, 0]:9354
[283, 271, 165, 1, 0]:7542
[283, 249, 231, 25, 0]:5464
[283, 244, 168, 1, 0]:3516
[283, 207, 170, 1, 0]:2309
[283, 216, 170, 1, 0]:2430
[283, 258, 172, 1, 0]:4759
[283, 240, 173, 1, 0]:3033
[283, 229, 174, 1, 0]:2577
[283, 271, 232, 25, 0]:10780
[283, 256, 234, 25, 0]:6683
[283, 261, 234, 25, 0]:8221
[283, 243, 236, 25, 0]:5090
[283, 246, 237, 25, 0]:5413
[283, 254, 237, 25, 0]:6830
[283, 268, 238, 25, 0]:3899
[283, 248, 239, 25, 0]:5915
[283, 246, 240, 25, 0]:4566
[283, 262, 241, 25, 0]:2186
[28