[21, 2, 0]:40
[21, 11, 7, 4, 0]:73
[21, 11, 6, 5, 0]:70
[21, 11, 6, 5, 0]:70
[21, 11, 7, 4, 0]:73
[21, 13, 10, 3, 0]:79
[21, 13, 10, 3, 0]:79
[21, 14, 13, 1, 0]:77
[21, 14, 11, 3, 0]:76
[21, 14, 9, 5, 0]:75
[21, 14, 8, 6, 0]:79
[21, 14, 0]:40
[21, 14, 8, 6, 0]:79
[21, 14, 9, 5, 0]:75
[21, 14, 11, 3, 0]:76
[21, 14, 13, 1, 0]:77
[21, 16, 15, 1, 0]:90
[21, 16, 14, 2, 0]:79
[21, 16, 14, 2, 0]:79
[21, 16, 15, 1, 0]:90
[21, 17, 10, 7, 0]:90
[21, 17, 10, 7, 0]:90
[21, 19, 15, 4, 0]:75
[21, 19, 13, 6, 0]:91
[21, 19, 11, 8, 0]:89
[21, 19, 11, 8, 0]:89
[21, 19, 13, 6, 0]:91
[21, 19, 15, 4, 0]:75
[21, 20, 17, 3, 0]:103
[21, 20, 13, 7, 0]:104
[21, 20, 11, 9, 0]:100
[21, 20, 11, 9, 0]:100
[21, 20, 13, 7, 0]:104
[21, 20, 17, 3, 0]:103
[97, 6, 4, 2, 0]:281
[97, 10, 7, 3, 0]:318
[97, 10, 7, 3, 0]:318
[97, 12, 8, 4, 0]:284
[97, 13, 11, 2, 0]:323
[139, 16, 9, 7, 0]:469
[139, 10, 6, 4, 0]:458
[139, 8, 5, 3, 0]:457
[571, 53, 30, 23, 0]:1912
[139, 31, 17, 14, 0]:485
[1021, 10, 7, 3, 0]:3386
[1163, 114, 99, 15, 0]:3852
[283, 28, 22, 6, 0]:960
[1021, 12, 7, 5, 0]:3344
[571, 48, 27, 21, 0]:1915
[571, 52, 47, 5, 0]:1898
[233, 18, 14, 4, 0]:768
[163, 11, 6, 5, 0]:547
[163, 18, 10, 8, 0]:550
[1163, 108, 77, 31, 0]:3899
[571, 30, 19, 11, 0]:1895
[283, 40, 34, 6, 0]:949
[139, 31, 22, 9, 0]:484
[283, 18, 10, 8, 0]:939
[163, 12, 9, 3, 0]:539
[233, 10, 6, 4, 0]:757
[233, 9, 7, 2, 0]:766
[233, 15, 9, 6, 0]:767
[163, 24, 13, 11, 0]:558
[1021, 40, 34, 6, 0]:3373
[1021, 58, 51, 7, 0]:3394
[1163, 11, 10, 1, 0]:3796
[1163, 128, 111, 17, 0]:3882
[1163, 44, 38, 6, 0]:3829
[283, 12, 7, 5, 0]:925
