[163, 114, 57, 4, 0]:639
[163, 111, 22, 13, 0]:651
[163, 123, 26, 17, 0]:684
[163, 124, 123, 34, 0]:922
[163, 151, 42, 23, 0]:854
[163, 118, 99, 10, 0]:789
[163, 137, 91, 38, 0]:751
[163, 84, 58, 18, 0]:705
[163, 80, 59, 42, 0]:713
[163, 110, 69, 14, 0]:692
[163, 90, 62, 53, 0]:715
[163, 73, 72, 28, 0]:720
[163, 160, 34, 28, 0]:805
[163, 125, 112, 24, 0]:862
[163, 121, 110, 24, 0]:803
[163, 153, 75, 6, 0]:735
[163, 126, 101, 29, 0]:775
[163, 143, 128, 61, 0]:1049
[163, 153, 58, 5, 0]:927
[163, 86, 28, 11, 0]:651
[163, 76, 54, 44, 0]:706
[163, 148, 90, 59, 0]:883
[163, 121, 105, 28, 0]:780
[163, 159, 117, 93, 0]:1358
[163, 118, 111, 22, 0]:813
[163, 78, 73, 25, 0]:720
[163, 105, 76, 51, 0]:712
[163, 84, 78, 45, 0]:739
[163, 114, 100, 2, 0]:721
[163, 114, 103, 58, 0]:778
[163, 123, 121, 9, 0]:962
[163, 106, 54, 34, 0]:662
[163, 98, 74, 10, 0]:719
[163, 90, 74, 52, 0]:721
[163, 96, 63, 49, 0]:697
[163, 143, 121, 96, 0]:975
[163, 66, 20, 1, 0]:658
[163, 160, 29, 11, 0]:894
[163, 125, 101, 22, 0]:772
[163, 83, 70, 53, 0]:742
[163, 132, 40, 9, 0]:558
[163, 112, 53, 48, 0]:691
[163, 86, 50, 21, 0]:674
[163, 141, 128, 107, 0]:1123
[163, 81, 24, 13, 0]:655
[163, 108, 89, 38, 0]:763
[163, 133, 54, 16, 0]:671
[163, 158, 83, 42, 0]:932
[163, 127, 122, 26, 0]:989
[163, 147, 102, 72, 0]:828
[163, 93, 22, 1, 0]:668
[163, 142, 60, 7, 0]:689
[163, 153, 149, 40, 0]:1684
[163, 119, 98, 25, 0]:769
[163, 161, 63, 49, 0]:1020
[163, 88, 30, 25, 0]:667
[163, 151, 89, 69, 0]:794
[163, 146, 78, 53, 0]:836
[163, 153, 132, 121, 0]:1320
[163, 139, 35, 2, 0]:658
[163, 122, 102, 83, 0]:788
[163, 93, 92, 88, 0]:841
[163, 113, 90, 2, 0]:749
[163, 139, 126, 5, 0]:1016
[163, 138, 34, 1, 0]:656
[163, 109, 50, 6, 0]:648
[163, 102, 97, 14, 0]:778
[163, 134, 61, 11, 0]:679
[163, 126, 50, 28, 0]:665
[163, 141, 102, 88, 0]:909
[163, 106, 88, 9, 0]:749
[163, 147, 112, 77, 0]:1046
[163, 83, 22, 3, 0]:570
[163, 78, 25, 3, 0]:668
[163, 109, 64, 9, 0]:719
[163, 130, 47, 24, 0]:661
[163, 153, 145, 58, 0]:1847
[163, 161, 75, 47, 0]:1113
[163, 102, 92, 4, 0]:768
[163, 98, 18, 7, 0]:648
[163, 155, 88, 78, 0]:974
[163, 137, 54, 8, 0]:675
[163, 137, 77, 39, 0]:714
[163, 110, 17, 10, 0]:650
[163, 155, 38, 7, 0]:688
[163, 157, 117, 24, 0]:1123
[163, 100, 17, 5, 0]:648
[163, 152, 40, 5, 0]:827
[163, 111, 82, 62, 0]:754
[163, 160, 57, 27, 0]:918
[163, 157, 33, 8, 0]:872
[163, 103, 102, 92, 0]:876
[163, 106, 93, 28, 0]:756
[163, 141, 116, 58, 0]:867
[163, 108, 71, 38, 0]:700
[163, 119, 109, 87, 0]:805
[163, 140, 61, 27, 0]:685
[163, 149, 49, 30, 0]:799
[163, 156, 45, 24, 0]:750
[163, 138, 62, 22, 0]:684
[163, 110, 104, 87, 0]:848
[163, 79, 69, 62, 0]:762
[163, 106, 83, 2, 0]:741
[163, 139, 137, 33, 0]:1095
[163, 116, 46, 35, 0]:671
[163, 147, 34, 3, 0]:781
[163, 91, 20, 17, 0]:661
[163, 138, 123, 48, 0]:923
[163, 69, 17, 8, 0]:654
[163, 154, 33, 2, 0]:841
[163, 129, 107, 19, 0]:829
[163, 158, 140, 37, 0]:2390
[163, 130, 15, 13, 0]:658
[163, 107, 42, 38, 0]:681
[163, 70, 67, 30, 0]:723
[163, 145, 45, 1, 0]:778
[163, 155, 56, 9, 0]:846
[163, 156, 80, 61, 0]:811
[163, 136, 48, 1, 0]:749
[163, 136, 77, 62, 0]:758
[163, 112, 64, 45, 0]:698
[163, 154, 39, 25, 0]:807
