[163, 100, 63, 37, 0]:487
[163, 78, 41, 37, 0]:602
[163, 60, 55, 5, 0]:553
[163, 70, 61, 9, 0]:571
[163, 122, 111, 11, 0]:717
[163, 110, 75, 35, 0]:648
[163, 72, 69, 3, 0]:561
[163, 138, 97, 41, 0]:710
[163, 109, 81, 28, 0]:648
[163, 92, 75, 17, 0]:610
[163, 144, 81, 63, 0]:654
[163, 124, 67, 57, 0]:667
[163, 92, 53, 39, 0]:661
[163, 26, 23, 3, 0]:515
[163, 58, 55, 3, 0]:547
[163, 144, 85, 59, 0]:662
[163, 142, 97, 45, 0]:711
[163, 153, 127, 26, 0]:943
[163, 133, 75, 58, 0]:671
[163, 132, 89, 43, 0]:674
[163, 134, 125, 9, 0]:834
[163, 90, 77, 13, 0]:600
[163, 152, 93, 59, 0]:696
[163, 149, 114, 35, 0]:902
[163, 68, 63, 5, 0]:561
[163, 127, 109, 18, 0]:577
[163, 154, 123, 31, 0]:910
[163, 70, 49, 21, 0]:613
[163, 130, 67, 63, 0]:685
[163, 117, 71, 46, 0]:461
[163, 120, 93, 27, 0]:692
[163, 60, 59, 1, 0]:545
[163, 49, 39, 10, 0]:555
[163, 159, 113, 46, 0]:1032
[163, 130, 119, 11, 0]:680
[163, 100, 79, 21, 0]:631
[163, 128, 87, 41, 0]:664
[163, 160, 99, 61, 0]:1182
[163, 112, 77, 35, 0]:648
[163, 97, 75, 22, 0]:633
[163, 160, 127, 33, 0]:1167
[163, 127, 121, 6, 0]:772
[163, 153, 78, 75, 0]:699
[163, 12, 9, 3, 0]:548
[163, 46, 43, 3, 0]:535
[163, 62, 41, 21, 0]:586
[163, 11, 6, 5, 0]:500
[163, 45, 31, 14, 0]:566
[163, 74, 71, 3, 0]:563
[163, 124, 98, 26, 0]:685
[163, 152, 83, 69, 0]:921
[163, 89, 74, 15, 0]:487
[163, 154, 117, 37, 0]:1037
[163, 124, 105, 19, 0]:716
[163, 24, 13, 11, 0]:520
[163, 142, 85, 57, 0]:662
[163, 102, 83, 19, 0]:613
[163, 85, 79, 6, 0]:581
[163, 18, 10, 8, 0]:511
[163, 147, 133, 14, 0]:1028
[163, 108, 87, 21, 0]:645
[163, 138, 115, 23, 0]:785
[163, 112, 95, 17, 0]:621
[163, 95, 54, 41, 0]:670
