[233, 174, 105, 69, 0]:928
[233, 173, 166, 7, 0]:1061
[233, 222, 178, 44, 0]:1161
[233, 179, 114, 65, 0]:933
[233, 159, 133, 26, 0]:955
[233, 153, 131, 22, 0]:920
[233, 158, 129, 29, 0]:938
[233, 157, 144, 13, 0]:938
[233, 215, 194, 21, 0]:1558
[233, 203, 159, 44, 0]:1121
[233, 189, 177, 12, 0]:1164
[233, 218, 178, 40, 0]:1506
[233, 159, 99, 60, 0]:928
[233, 155, 133, 22, 0]:926
[233, 170, 99, 71, 0]:935
[233, 185, 171, 14, 0]:1105
[233, 200, 158, 42, 0]:1110
[233, 134, 114, 20, 0]:868
[233, 217, 166, 51, 0]:1318
[233, 225, 146, 79, 0]:1118
[233, 151, 145, 6, 0]:918
[233, 212, 160, 52, 0]:1167
[233, 197, 170, 27, 0]:1224
[233, 194, 186, 8, 0]:1226
[233, 200, 126, 74, 0]:965
[233, 195, 183, 12, 0]:1211
[233, 215, 163, 52, 0]:1208
[233, 194, 189, 5, 0]:1265
[233, 145, 144, 1, 0]:897
[233, 192, 123, 69, 0]:981
[233, 207, 119, 88, 0]:950
[233, 204, 148, 56, 0]:1056
[233, 221, 190, 31, 0]:1502
[233, 198, 125, 73, 0]:961
[233, 204, 185, 19, 0]:1332
[233, 230, 138, 92, 0]:1613
[233, 203, 151, 52, 0]:1072
[233, 183, 170, 13, 0]:1098
[233, 152, 86, 66, 0]:969
[233, 200, 146, 54, 0]:1064
[233, 145, 85, 60, 0]:982
[233, 105, 98, 7, 0]:812
[233, 182, 103, 79, 0]:931
[233, 149, 125, 24, 0]:908
[233, 197, 171, 26, 0]:1123
[233, 48, 26, 22, 0]:767
[233, 217, 156, 61, 0]:1189
[233, 178, 102, 76, 0]:931
[233, 183, 165, 18, 0]:1058
[233, 144, 124, 20, 0]:893
[233, 89, 73, 16, 0]:814
[233, 217, 112, 105, 0]:1193
[233, 145, 94, 51, 0]:930
[233, 127, 82, 45, 0]:930
[233, 137, 78, 59, 0]:966
[233, 190, 136, 54, 0]:977
[233, 137, 92, 45, 0]:959
[233, 189, 108, 81, 0]:954
[233, 191, 108, 83, 0]:960
[233, 89, 80, 9, 0]:800
[233, 123, 106, 17, 0]:850
[233, 189, 166, 23, 0]:1080
[233, 186, 166, 20, 0]:1064
[233, 156, 115, 41, 0]:928
[233, 170, 111, 59, 0]:928
[233, 185, 146, 39, 0]:1000
[233, 225, 154, 71, 0]:1265
[233, 198, 146, 52, 0]:1072
[233, 215, 185, 30, 0]:1554
[233, 197, 172, 25, 0]:1112
[233, 212, 182, 30, 0]:1365
[233, 230, 169, 61, 0]:1868
[233, 80, 49, 31, 0]:822
[233, 127, 87, 40, 0]:914
[233, 124, 70, 54, 0]:916
[233, 173, 127, 46, 0]:954
[233, 194, 138, 56, 0]:996
[233, 123, 71, 52, 0]:915
[233, 122, 119, 3, 0]:827
[233, 228, 170, 58, 0]:1578
[233, 121, 73, 48, 0]:903
[233, 198, 162, 36, 0]:1136
[233, 104, 75, 29, 0]:895
[233, 119, 67, 52, 0]:891
[233, 134, 122, 12, 0]:863
[233, 102, 87, 15, 0]:825
[233, 117, 100, 17, 0]:844
[233, 162, 118, 44, 0]:911
[233, 106, 93, 13, 0]:825
[233, 99, 75, 24, 0]:882
[233, 98, 75, 23, 0]:871
[233, 161, 103, 58, 0]:928
[233, 110, 84, 26, 0]:895
[233, 189, 112, 77, 0]:937
[233, 143, 104, 39, 0]:915
[233, 109, 90, 19, 0]:840
[233, 182, 157, 25, 0]:1032
[233, 170, 114, 56, 0]:928
[233, 153, 110, 43, 0]:928
[233, 150, 108, 42, 0]:928
[233, 119, 91, 28, 0]:905
[233, 164, 116, 48, 0]:928
[233, 181, 126, 55, 0]:949
[233, 178, 126, 52, 0]:949
[233, 99, 81, 18, 0]:828
[233, 104, 78, 26, 0]:850
[233, 114, 93, 21, 0]:849
